data,4500,11350,27200,58750,89750,19600,20270,20900,22600,23400,24000,26700,29700,45900,63850,77500,Ch17,data_parsed
2025-10-21T00:00:02+00:00,-54.45,-65.43,-65.91,-61.67,-62.25,-50.20,-49.64,-64.89,-51.34,-37.10,-49.47,-50.95,-58.35,-64.78,-57.89,-46.94,-54.88,2025-10-21 00:00:02+00:00
2025-10-21T00:01:02+00:00,-53.97,-64.41,-65.26,-61.17,-62.78,-50.43,-49.83,-64.10,-51.20,-36.93,-49.32,-51.12,-58.32,-64.38,-57.55,-48.30,-55.65,2025-10-21 00:01:02+00:00
2025-10-21T00:03:02+00:00,-54.56,-64.93,-65.71,-61.56,-61.62,-50.09,-49.66,-64.43,-52.47,-37.09,-49.08,-50.98,-59.05,-64.44,-58.37,-48.98,-55.71,2025-10-21 00:03:02+00:00
2025-10-21T00:04:01+00:00,-54.71,-64.39,-65.51,-61.47,-61.88,-49.96,-49.69,-63.98,-52.46,-37.02,-48.92,-51.25,-59.59,-64.05,-57.86,-49.19,-53.22,2025-10-21 00:04:01+00:00
2025-10-21T00:06:01+00:00,-55.18,-64.41,-66.03,-61.38,-63.19,-50.17,-50.04,-64.37,-56.79,-36.90,-48.77,-51.51,-60.76,-64.35,-57.77,-46.75,-54.00,2025-10-21 00:06:01+00:00
2025-10-21T00:07:01+00:00,-55.26,-64.71,-65.96,-61.31,-62.07,-50.22,-50.02,-64.57,-56.69,-37.00,-48.66,-51.34,-60.92,-64.21,-57.53,-46.31,-51.44,2025-10-21 00:07:01+00:00
2025-10-21T00:09:01+00:00,-56.08,-64.47,-65.71,-61.23,-61.89,-51.59,-50.08,-64.83,-56.89,-36.99,-49.01,-51.23,-60.98,-64.17,-57.30,-45.07,-53.17,2025-10-21 00:09:01+00:00
2025-10-21T00:10:01+00:00,-55.80,-64.77,-65.68,-61.33,-61.73,-51.68,-49.96,-64.13,-56.74,-37.20,-48.91,-51.21,-61.28,-64.13,-57.48,-46.62,-51.62,2025-10-21 00:10:01+00:00
2025-10-21T00:12:01+00:00,-56.22,-64.76,-66.38,-61.38,-61.63,-51.96,-50.42,-64.64,-56.97,-37.44,-48.98,-51.05,-62.55,-64.74,-57.55,-47.34,-53.01,2025-10-21 00:12:01+00:00
2025-10-21T00:13:02+00:00,-56.08,-64.50,-66.10,-61.58,-61.88,-52.32,-50.36,-64.71,-56.96,-37.31,-49.07,-51.05,-63.20,-64.26,-57.58,-46.93,-51.45,2025-10-21 00:13:02+00:00
2025-10-21T00:15:01+00:00,-55.65,-64.55,-66.08,-61.34,-62.34,-52.59,-50.30,-64.38,-56.39,-37.49,-49.20,-51.01,-65.11,-64.53,-57.41,-45.27,-53.34,2025-10-21 00:15:01+00:00
2025-10-21T00:16:01+00:00,-55.47,-64.34,-65.82,-61.23,-61.97,-52.53,-50.58,-64.36,-56.36,-37.99,-49.37,-50.89,-64.54,-64.43,-57.73,-45.65,-55.01,2025-10-21 00:16:01+00:00
2025-10-21T00:18:02+00:00,-54.70,-63.63,-63.98,-61.30,-62.26,-53.05,-50.50,-62.81,-56.29,-37.76,-49.11,-50.98,-64.35,-64.12,-57.47,-45.20,-55.74,2025-10-21 00:18:02+00:00
2025-10-21T00:19:01+00:00,-55.00,-64.05,-65.14,-61.52,-61.81,-53.05,-50.46,-64.97,-56.65,-37.66,-49.22,-51.11,-63.69,-64.36,-57.75,-45.55,-55.75,2025-10-21 00:19:01+00:00
2025-10-21T00:21:01+00:00,-54.67,-64.26,-65.63,-61.45,-61.15,-53.00,-50.34,-64.23,-56.88,-37.50,-49.17,-51.06,-62.52,-64.53,-57.69,-45.87,-54.78,2025-10-21 00:21:01+00:00
2025-10-21T00:22:01+00:00,-54.28,-63.86,-65.21,-61.58,-61.51,-52.93,-50.37,-64.47,-56.74,-37.81,-49.13,-50.78,-61.77,-64.51,-57.42,-46.20,-53.17,2025-10-21 00:22:01+00:00
2025-10-21T00:24:01+00:00,-54.20,-63.22,-64.57,-60.86,-61.43,-52.80,-49.98,-64.19,-56.85,-37.26,-49.21,-50.75,-61.12,-64.09,-57.43,-45.96,-53.12,2025-10-21 00:24:01+00:00
2025-10-21T00:25:01+00:00,-49.02,-64.24,-65.35,-61.27,-62.92,-52.83,-49.88,-64.41,-54.82,-37.41,-49.21,-50.75,-59.93,-64.40,-57.40,-45.32,-55.58,2025-10-21 00:25:01+00:00
2025-10-21T00:27:01+00:00,-49.08,-64.01,-65.53,-61.37,-61.63,-52.94,-49.79,-64.53,-56.25,-37.51,-49.38,-50.75,-59.39,-64.49,-57.59,-45.15,-53.27,2025-10-21 00:27:01+00:00
2025-10-21T00:28:02+00:00,-49.15,-64.44,-65.55,-61.77,-61.36,-52.81,-49.89,-63.92,-56.41,-37.50,-49.42,-50.78,-59.16,-64.70,-58.10,-44.72,-55.72,2025-10-21 00:28:02+00:00
2025-10-21T00:30:01+00:00,-49.10,-63.05,-63.06,-61.20,-61.40,-52.55,-49.54,-64.52,-56.26,-37.72,-49.39,-50.78,-58.52,-64.15,-57.27,-45.49,-53.10,2025-10-21 00:30:01+00:00
2025-10-21T00:31:01+00:00,-49.13,-63.43,-64.75,-61.24,-62.95,-52.32,-49.79,-64.14,-56.16,-37.37,-49.31,-50.80,-58.73,-64.05,-57.50,-45.89,-54.84,2025-10-21 00:31:01+00:00
2025-10-21T00:33:01+00:00,-49.13,-63.41,-65.17,-60.85,-61.56,-52.37,-49.57,-63.95,-54.05,-37.16,-49.36,-50.74,-57.63,-64.45,-57.64,-45.26,-54.81,2025-10-21 00:33:01+00:00
2025-10-21T00:34:02+00:00,-49.10,-63.94,-65.66,-61.11,-61.14,-52.36,-49.53,-64.62,-54.11,-37.10,-49.42,-50.78,-57.55,-64.35,-57.78,-44.86,-54.78,2025-10-21 00:34:02+00:00
2025-10-21T00:36:01+00:00,-49.07,-62.93,-65.31,-60.58,-62.31,-51.93,-49.72,-64.60,-51.23,-36.97,-49.39,-50.95,-57.25,-64.13,-57.61,-44.53,-53.14,2025-10-21 00:36:01+00:00
2025-10-21T00:37:01+00:00,-49.26,-64.27,-65.81,-61.21,-62.00,-50.48,-49.66,-64.48,-51.36,-36.87,-49.44,-50.99,-57.37,-64.41,-58.11,-45.69,-53.12,2025-10-21 00:37:01+00:00
2025-10-21T00:39:01+00:00,-49.30,-64.10,-65.32,-60.86,-61.63,-49.89,-49.54,-64.27,-51.34,-36.88,-49.55,-51.42,-57.41,-64.01,-57.72,-46.34,-53.13,2025-10-21 00:39:01+00:00
2025-10-21T00:40:01+00:00,-49.20,-63.88,-64.67,-60.95,-62.42,-49.87,-49.42,-63.96,-51.24,-37.07,-49.42,-51.55,-57.30,-64.05,-58.21,-46.71,-53.02,2025-10-21 00:40:01+00:00
2025-10-21T00:42:01+00:00,-49.19,-64.23,-65.48,-61.27,-61.41,-49.60,-49.52,-64.35,-51.41,-37.58,-49.77,-51.73,-57.06,-64.04,-57.78,-47.16,-53.08,2025-10-21 00:42:01+00:00
2025-10-21T00:43:01+00:00,-49.13,-64.34,-65.25,-61.15,-61.75,-49.81,-49.73,-63.70,-51.35,-38.05,-49.72,-51.98,-57.05,-64.25,-57.62,-47.02,-53.15,2025-10-21 00:43:01+00:00
2025-10-21T00:45:01+00:00,-49.28,-64.02,-65.17,-61.11,-62.43,-49.73,-49.40,-64.80,-51.38,-38.70,-49.69,-51.70,-57.45,-63.94,-58.11,-46.26,-53.14,2025-10-21 00:45:01+00:00
2025-10-21T00:46:01+00:00,-48.95,-64.06,-64.80,-61.39,-62.23,-50.12,-49.44,-63.81,-51.35,-38.93,-49.90,-51.66,-57.37,-64.17,-57.55,-46.03,-53.19,2025-10-21 00:46:01+00:00
2025-10-21T00:48:01+00:00,-48.80,-64.74,-65.42,-61.12,-61.97,-50.31,-49.17,-64.35,-51.41,-38.48,-50.25,-51.76,-57.37,-64.52,-57.55,-45.72,-53.36,2025-10-21 00:48:01+00:00
2025-10-21T00:49:01+00:00,-48.82,-64.77,-65.67,-61.16,-61.83,-50.32,-48.83,-64.56,-51.23,-38.34,-50.18,-51.91,-57.09,-64.53,-58.11,-46.52,-53.43,2025-10-21 00:49:01+00:00
2025-10-21T00:51:01+00:00,-48.95,-63.43,-64.88,-61.20,-61.01,-50.25,-48.80,-63.72,-51.21,-37.49,-49.91,-52.35,-57.20,-63.50,-57.36,-46.15,-53.37,2025-10-21 00:51:01+00:00
2025-10-21T00:52:02+00:00,-49.00,-64.90,-65.41,-61.36,-61.62,-50.22,-48.97,-64.46,-51.25,-36.87,-49.79,-52.36,-57.19,-64.45,-57.77,-46.82,-53.28,2025-10-21 00:52:02+00:00
2025-10-21T00:54:01+00:00,-48.98,-64.31,-65.51,-61.27,-61.84,-49.96,-48.92,-64.48,-51.29,-36.45,-49.68,-52.53,-56.68,-64.57,-57.40,-45.86,-53.35,2025-10-21 00:54:01+00:00
2025-10-21T00:55:01+00:00,-54.68,-64.40,-65.72,-61.35,-62.38,-49.89,-49.05,-64.49,-51.92,-36.60,-49.75,-52.60,-56.83,-64.53,-57.84,-45.22,-53.34,2025-10-21 00:55:01+00:00
2025-10-21T00:57:02+00:00,-55.34,-64.49,-66.09,-61.54,-63.28,-50.04,-48.71,-65.21,-51.32,-36.85,-49.86,-52.70,-56.91,-64.89,-57.90,-45.13,-53.37,2025-10-21 00:57:02+00:00
2025-10-21T00:58:01+00:00,-55.14,-64.45,-65.91,-61.15,-62.16,-49.77,-48.38,-64.68,-51.33,-37.21,-50.26,-52.82,-56.28,-64.25,-57.61,-45.38,-53.37,2025-10-21 00:58:01+00:00
2025-10-21T01:00:01+00:00,-55.17,-64.99,-66.13,-61.43,-62.38,-52.08,-49.45,-64.81,-51.34,-37.98,-50.39,-52.99,-56.02,-64.72,-57.54,-43.95,-53.41,2025-10-21 01:00:01+00:00
2025-10-21T01:01:01+00:00,-55.36,-63.09,-65.76,-61.00,-61.44,-52.13,-49.92,-64.98,-51.57,-38.69,-50.34,-52.86,-56.03,-64.28,-57.05,-43.91,-53.30,2025-10-21 01:01:01+00:00
2025-10-21T01:03:01+00:00,-55.33,-64.20,-66.43,-61.22,-63.51,-51.83,-48.51,-65.43,-52.89,-39.18,-50.28,-52.97,-55.43,-64.80,-57.70,-44.36,-53.29,2025-10-21 01:03:01+00:00
2025-10-21T01:05:01+00:00,-55.10,-63.54,-65.06,-61.25,-60.95,-51.51,-48.29,-64.23,-56.94,-39.76,-50.33,-53.06,-55.19,-63.99,-57.44,-44.76,-53.29,2025-10-21 01:05:01+00:00
2025-10-21T01:06:02+00:00,-55.39,-64.61,-66.55,-61.64,-62.64,-51.48,-47.97,-65.32,-57.43,-39.62,-50.33,-53.17,-55.13,-64.86,-57.92,-44.82,-53.38,2025-10-21 01:06:02+00:00
2025-10-21T01:08:01+00:00,-56.02,-64.80,-66.09,-61.23,-61.63,-51.31,-48.21,-65.05,-57.54,-38.85,-50.71,-53.28,-55.15,-64.27,-57.95,-45.26,-53.38,2025-10-21 01:08:01+00:00
2025-10-21T01:09:01+00:00,-56.07,-64.74,-66.36,-61.66,-62.70,-51.36,-47.90,-65.70,-57.49,-38.32,-50.91,-53.35,-55.26,-64.62,-57.87,-44.70,-53.27,2025-10-21 01:09:01+00:00
2025-10-21T01:11:01+00:00,-55.36,-63.64,-65.05,-61.14,-62.11,-51.38,-47.71,-64.70,-57.26,-37.80,-50.70,-53.41,-55.38,-64.18,-57.79,-45.64,-53.32,2025-10-21 01:11:01+00:00
2025-10-21T01:13:01+00:00,-55.60,-64.55,-65.53,-61.11,-62.77,-51.46,-47.75,-64.85,-57.36,-37.36,-51.07,-53.75,-55.33,-64.03,-57.42,-46.31,-53.32,2025-10-21 01:13:01+00:00
2025-10-21T01:14:02+00:00,-55.85,-64.01,-65.64,-61.37,-61.99,-51.70,-47.66,-64.83,-57.63,-37.35,-51.17,-53.56,-54.94,-63.97,-57.54,-46.15,-53.33,2025-10-21 01:14:02+00:00
2025-10-21T01:16:01+00:00,-55.04,-64.26,-65.64,-61.33,-62.51,-51.96,-47.56,-64.38,-56.42,-37.49,-50.92,-53.76,-54.80,-63.97,-57.99,-47.09,-53.33,2025-10-21 01:16:01+00:00
2025-10-21T01:17:01+00:00,-54.76,-64.70,-65.13,-61.60,-61.41,-51.56,-47.48,-64.51,-56.57,-37.59,-51.06,-53.82,-54.59,-63.95,-58.15,-46.74,-53.35,2025-10-21 01:17:01+00:00
2025-10-21T01:19:02+00:00,-54.28,-63.69,-65.71,-61.28,-62.15,-51.67,-47.37,-64.76,-57.19,-37.58,-50.92,-53.98,-54.82,-64.13,-58.23,-43.48,-53.25,2025-10-21 01:19:02+00:00
2025-10-21T01:20:01+00:00,-54.62,-63.95,-65.71,-60.75,-61.28,-51.46,-47.24,-64.91,-57.94,-37.83,-51.14,-53.90,-54.46,-64.20,-57.84,-43.04,-53.25,2025-10-21 01:20:01+00:00
2025-10-21T01:22:01+00:00,-55.00,-64.32,-66.32,-61.23,-61.22,-51.41,-46.98,-64.83,-57.69,-38.49,-50.75,-54.02,-54.53,-64.50,-57.89,-41.78,-53.19,2025-10-21 01:22:01+00:00
2025-10-21T01:23:01+00:00,-54.91,-63.80,-66.03,-61.06,-60.95,-51.59,-47.31,-65.01,-57.29,-38.52,-50.93,-54.17,-54.31,-63.93,-57.85,-41.59,-53.20,2025-10-21 01:23:01+00:00
2025-10-21T01:25:01+00:00,-49.09,-64.40,-66.15,-60.96,-62.54,-51.55,-47.67,-64.58,-54.95,-38.30,-50.96,-54.19,-54.30,-64.28,-57.42,-41.84,-53.21,2025-10-21 01:25:01+00:00
2025-10-21T01:26:01+00:00,-49.09,-64.13,-65.75,-61.24,-61.80,-51.45,-47.88,-64.26,-55.03,-38.02,-50.77,-54.28,-54.39,-64.01,-57.58,-41.00,-53.15,2025-10-21 01:26:01+00:00
2025-10-21T01:28:01+00:00,-49.28,-64.01,-66.24,-60.99,-61.75,-50.39,-47.63,-64.67,-56.73,-37.92,-50.41,-53.98,-53.78,-64.12,-57.60,-40.84,-53.14,2025-10-21 01:28:01+00:00
2025-10-21T01:29:02+00:00,-49.16,-64.53,-66.19,-61.35,-61.48,-50.18,-47.70,-64.85,-56.69,-37.92,-50.30,-53.82,-53.58,-64.22,-57.45,-40.82,-53.13,2025-10-21 01:29:02+00:00
2025-10-21T01:31:01+00:00,-49.16,-64.09,-66.32,-61.31,-61.10,-49.49,-47.38,-64.04,-56.77,-37.97,-50.47,-54.21,-53.63,-64.17,-57.07,-41.03,-53.16,2025-10-21 01:31:01+00:00
2025-10-21T01:32:02+00:00,-49.32,-64.09,-65.87,-61.30,-61.61,-49.51,-47.48,-64.17,-54.09,-38.07,-50.66,-54.20,-53.56,-64.07,-57.72,-40.99,-53.18,2025-10-21 01:32:02+00:00
2025-10-21T01:34:01+00:00,-49.25,-63.09,-65.50,-60.95,-61.86,-49.52,-47.35,-63.78,-54.11,-38.45,-50.46,-53.90,-53.44,-63.78,-57.46,-41.88,-53.15,2025-10-21 01:34:01+00:00
2025-10-21T01:35:01+00:00,-49.20,-64.12,-66.09,-61.58,-61.94,-49.33,-47.18,-62.49,-51.46,-38.49,-50.41,-53.95,-53.47,-64.10,-57.93,-42.35,-53.17,2025-10-21 01:35:01+00:00
2025-10-21T01:37:01+00:00,-49.28,-64.80,-66.29,-61.27,-61.04,-49.80,-47.02,-62.69,-51.36,-38.42,-50.86,-54.08,-53.88,-64.38,-57.57,-41.87,-53.16,2025-10-21 01:37:01+00:00
2025-10-21T01:38:01+00:00,-49.36,-64.40,-65.44,-61.29,-61.13,-49.27,-47.15,-64.04,-51.35,-38.48,-50.77,-54.07,-53.92,-64.08,-57.91,-41.50,-53.25,2025-10-21 01:38:01+00:00
2025-10-21T01:40:01+00:00,-49.32,-64.55,-66.12,-60.79,-62.42,-49.21,-47.44,-64.03,-51.39,-38.80,-50.66,-53.70,-54.68,-64.06,-58.40,-41.00,-53.19,2025-10-21 01:40:01+00:00
2025-10-21T01:41:01+00:00,-49.34,-63.90,-65.85,-61.04,-61.59,-49.03,-47.27,-64.24,-51.44,-38.73,-50.94,-54.02,-54.86,-64.55,-57.91,-41.50,-53.28,2025-10-21 01:41:01+00:00
2025-10-21T01:43:01+00:00,-49.27,-63.84,-65.72,-61.21,-61.38,-49.34,-47.34,-63.98,-51.39,-38.75,-51.06,-53.80,-54.75,-64.42,-58.16,-42.08,-54.88,2025-10-21 01:43:01+00:00
2025-10-21T01:44:02+00:00,-49.31,-63.61,-64.94,-61.26,-62.49,-49.32,-47.32,-61.92,-51.34,-38.48,-51.01,-53.85,-54.75,-63.40,-58.21,-41.78,-53.20,2025-10-21 01:44:02+00:00
2025-10-21T01:46:01+00:00,-49.54,-62.89,-65.22,-61.63,-61.91,-49.34,-47.14,-62.14,-51.34,-38.71,-51.05,-53.76,-54.67,-63.82,-57.75,-42.45,-53.23,2025-10-21 01:46:01+00:00
2025-10-21T01:47:01+00:00,-49.48,-64.39,-65.46,-60.92,-61.72,-49.40,-47.27,-64.33,-51.49,-38.43,-51.19,-53.86,-54.58,-64.08,-57.78,-42.47,-53.33,2025-10-21 01:47:01+00:00
2025-10-21T01:49:02+00:00,-49.27,-64.25,-66.38,-61.36,-62.11,-49.87,-47.50,-64.36,-51.29,-38.45,-50.99,-53.99,-55.12,-64.46,-58.16,-42.57,-53.12,2025-10-21 01:49:02+00:00
2025-10-21T01:50:01+00:00,-49.41,-64.20,-66.23,-61.23,-61.63,-49.73,-47.68,-64.15,-51.28,-38.14,-51.17,-54.17,-55.10,-64.46,-57.96,-41.81,-53.26,2025-10-21 01:50:01+00:00
2025-10-21T01:52:01+00:00,-49.43,-64.87,-66.21,-61.24,-61.96,-51.77,-47.73,-62.94,-51.27,-37.77,-50.71,-54.11,-54.93,-64.10,-57.67,-42.05,-53.19,2025-10-21 01:52:01+00:00
2025-10-21T01:53:01+00:00,-49.51,-64.40,-66.43,-61.00,-62.28,-51.72,-47.78,-64.50,-51.17,-37.64,-50.90,-53.92,-54.82,-64.00,-57.83,-41.98,-53.16,2025-10-21 01:53:01+00:00
2025-10-21T01:55:01+00:00,-55.78,-64.26,-65.36,-61.29,-61.71,-51.88,-47.94,-64.44,-52.05,-37.94,-50.73,-54.25,-55.15,-63.98,-57.82,-41.82,-59.17,2025-10-21 01:55:01+00:00
2025-10-21T01:56:01+00:00,-56.26,-64.61,-66.45,-61.45,-62.78,-51.89,-47.83,-63.35,-51.96,-38.04,-50.75,-54.30,-55.00,-64.36,-58.25,-41.98,-59.84,2025-10-21 01:56:01+00:00
2025-10-21T01:58:01+00:00,-55.99,-64.20,-65.12,-60.80,-63.19,-51.86,-48.10,-62.17,-51.44,-38.33,-50.50,-54.08,-54.45,-64.14,-57.97,-42.12,-59.35,2025-10-21 01:58:01+00:00
2025-10-21T01:59:02+00:00,-56.14,-64.64,-65.74,-61.01,-62.22,-51.80,-47.97,-63.17,-51.41,-38.24,-50.33,-53.97,-54.17,-64.67,-57.38,-41.92,-59.69,2025-10-21 01:59:02+00:00
2025-10-21T02:01:01+00:00,-55.65,-64.99,-65.95,-61.24,-61.85,-51.91,-47.83,-63.17,-51.38,-38.60,-50.32,-53.97,-54.64,-64.26,-57.76,-42.70,-59.90,2025-10-21 02:01:01+00:00
2025-10-21T02:02:02+00:00,-55.60,-63.67,-65.34,-60.99,-63.29,-51.64,-48.09,-62.76,-52.52,-38.49,-50.23,-54.27,-54.84,-64.18,-58.13,-43.70,-59.21,2025-10-21 02:02:02+00:00
2025-10-21T02:04:01+00:00,-55.72,-64.43,-65.96,-61.17,-61.86,-51.63,-48.24,-62.90,-53.92,-38.54,-50.11,-54.55,-55.38,-64.19,-57.68,-43.82,-59.77,2025-10-21 02:04:01+00:00
2025-10-21T02:05:01+00:00,-55.60,-64.33,-66.47,-61.29,-62.72,-51.62,-48.26,-62.17,-56.53,-38.31,-50.32,-54.44,-55.03,-64.29,-57.96,-43.39,-59.83,2025-10-21 02:05:01+00:00
2025-10-21T02:07:01+00:00,-56.01,-65.25,-66.11,-61.15,-61.48,-51.48,-48.11,-62.94,-56.78,-38.27,-50.69,-54.58,-55.47,-64.38,-58.33,-42.71,-59.99,2025-10-21 02:07:01+00:00
2025-10-21T02:08:01+00:00,-56.43,-64.92,-65.99,-60.89,-62.02,-51.46,-48.24,-62.81,-57.02,-38.34,-50.51,-54.35,-55.63,-64.52,-57.84,-41.63,-59.99,2025-10-21 02:08:01+00:00
2025-10-21T02:10:01+00:00,-56.60,-65.41,-66.21,-61.14,-61.24,-51.99,-48.26,-62.63,-56.91,-38.36,-50.75,-54.32,-55.79,-64.29,-58.05,-42.09,-59.35,2025-10-21 02:10:01+00:00
2025-10-21T02:11:01+00:00,-57.66,-64.84,-66.24,-60.97,-60.56,-52.17,-48.39,-62.77,-56.94,-38.19,-50.41,-54.12,-55.58,-63.82,-57.24,-42.46,-60.06,2025-10-21 02:11:01+00:00
2025-10-21T02:13:01+00:00,-57.56,-64.74,-66.30,-61.35,-62.24,-52.39,-48.35,-63.03,-56.98,-38.01,-50.87,-54.46,-55.44,-64.25,-57.80,-42.32,-60.21,2025-10-21 02:13:01+00:00
2025-10-21T02:14:02+00:00,-57.40,-63.80,-65.35,-61.47,-61.75,-52.27,-48.27,-64.20,-56.95,-38.02,-50.88,-54.05,-55.51,-64.20,-58.51,-43.56,-59.85,2025-10-21 02:14:02+00:00
2025-10-21T02:16:01+00:00,-57.43,-64.02,-65.77,-61.13,-61.43,-52.47,-48.69,-62.74,-56.86,-37.91,-50.92,-54.21,-55.41,-64.07,-57.75,-42.36,-60.35,2025-10-21 02:16:01+00:00
2025-10-21T02:17:01+00:00,-56.94,-64.26,-66.22,-61.31,-61.24,-52.37,-48.65,-62.98,-56.83,-37.61,-50.92,-54.16,-55.22,-64.26,-58.36,-42.53,-60.50,2025-10-21 02:17:01+00:00
2025-10-21T02:19:01+00:00,-56.56,-64.14,-65.60,-61.40,-61.88,-50.62,-48.42,-62.92,-57.37,-36.95,-50.98,-54.08,-55.30,-64.40,-57.98,-42.07,-60.30,2025-10-21 02:19:01+00:00
2025-10-21T02:20:01+00:00,-55.74,-64.71,-65.90,-61.22,-62.21,-50.82,-48.45,-63.22,-57.43,-36.75,-50.84,-54.20,-55.38,-64.33,-58.23,-42.29,-60.30,2025-10-21 02:20:01+00:00
2025-10-21T02:22:01+00:00,-55.99,-64.23,-65.33,-61.06,-61.97,-50.49,-48.54,-62.99,-57.21,-36.88,-50.55,-54.34,-55.53,-64.28,-57.72,-41.99,-60.17,2025-10-21 02:22:01+00:00
2025-10-21T02:23:01+00:00,-55.73,-63.62,-65.48,-61.21,-61.39,-50.41,-48.74,-62.66,-56.92,-36.78,-50.68,-54.35,-55.33,-64.01,-57.49,-42.34,-60.27,2025-10-21 02:23:01+00:00
2025-10-21T02:25:01+00:00,-49.54,-64.16,-65.50,-61.30,-61.76,-50.29,-48.69,-62.72,-54.92,-37.17,-50.84,-54.87,-54.80,-64.62,-57.27,-42.27,-60.13,2025-10-21 02:25:01+00:00
2025-10-21T02:26:01+00:00,-49.23,-64.22,-65.53,-61.21,-62.33,-49.92,-48.36,-62.73,-56.04,-37.22,-50.86,-54.69,-54.73,-64.35,-58.17,-42.00,-60.24,2025-10-21 02:26:01+00:00
2025-10-21T02:28:01+00:00,-49.31,-64.14,-65.59,-60.94,-62.27,-49.89,-48.65,-62.89,-56.49,-37.49,-50.88,-55.13,-54.35,-64.30,-57.72,-41.27,-59.92,2025-10-21 02:28:01+00:00
2025-10-21T02:29:01+00:00,-49.31,-63.85,-64.91,-61.06,-61.41,-49.71,-48.57,-61.63,-56.36,-37.89,-50.70,-54.94,-54.87,-64.42,-57.97,-41.95,-59.49,2025-10-21 02:29:01+00:00
2025-10-21T02:31:01+00:00,-48.27,-64.32,-65.45,-61.23,-61.74,-49.96,-48.34,-62.95,-55.35,-38.13,-50.66,-55.14,-55.23,-64.24,-57.81,-42.19,-59.13,2025-10-21 02:31:01+00:00
2025-10-21T02:32:02+00:00,-48.26,-64.23,-65.34,-61.34,-61.84,-49.95,-48.19,-62.97,-54.27,-37.81,-50.72,-55.02,-55.06,-64.26,-57.96,-42.33,-59.93,2025-10-21 02:32:02+00:00
2025-10-21T02:34:01+00:00,-49.04,-63.99,-65.00,-60.94,-61.87,-49.85,-48.52,-62.69,-51.25,-37.74,-51.00,-55.25,-55.24,-64.57,-57.65,-42.82,-59.48,2025-10-21 02:34:01+00:00
2025-10-21T02:35:01+00:00,-49.17,-63.44,-65.13,-61.13,-61.99,-49.95,-48.36,-62.82,-51.30,-38.01,-51.08,-55.39,-55.17,-64.20,-58.07,-44.24,-59.89,2025-10-21 02:35:01+00:00
2025-10-21T02:37:02+00:00,-49.16,-63.67,-65.82,-61.10,-61.48,-50.00,-48.20,-63.96,-51.21,-38.45,-51.05,-55.37,-55.33,-64.54,-57.71,-43.43,-59.82,2025-10-21 02:37:02+00:00
2025-10-21T02:38:01+00:00,-49.37,-63.94,-65.56,-60.98,-62.72,-50.01,-48.28,-64.05,-51.27,-38.46,-50.87,-55.20,-55.33,-63.96,-57.73,-43.51,-59.80,2025-10-21 02:38:01+00:00
2025-10-21T02:40:01+00:00,-49.22,-63.67,-65.21,-60.99,-61.41,-49.83,-48.20,-64.48,-51.18,-38.74,-50.63,-55.13,-55.82,-64.06,-57.62,-43.07,-60.10,2025-10-21 02:40:01+00:00
2025-10-21T02:41:01+00:00,-49.29,-63.61,-65.04,-60.94,-61.29,-49.75,-48.54,-63.91,-51.32,-38.40,-50.48,-55.22,-55.58,-63.94,-57.67,-43.35,-60.07,2025-10-21 02:41:01+00:00
2025-10-21T02:43:01+00:00,-49.30,-63.18,-65.09,-61.38,-62.37,-51.51,-48.44,-63.89,-51.27,-38.04,-50.43,-55.37,-55.43,-64.12,-57.72,-44.52,-59.95,2025-10-21 02:43:01+00:00
2025-10-21T02:44:01+00:00,-49.31,-64.66,-65.33,-60.86,-62.01,-51.70,-48.56,-64.78,-51.31,-38.28,-50.45,-55.16,-55.27,-64.36,-57.97,-43.18,-60.11,2025-10-21 02:44:01+00:00
2025-10-21T02:46:01+00:00,-49.59,-63.62,-66.14,-61.23,-61.29,-52.07,-48.44,-64.80,-51.29,-39.02,-50.70,-55.74,-55.03,-64.00,-57.75,-42.36,-60.12,2025-10-21 02:46:01+00:00
2025-10-21T02:47:02+00:00,-49.59,-64.23,-65.77,-61.58,-62.44,-51.80,-48.63,-64.80,-51.45,-38.97,-50.53,-55.47,-55.11,-64.27,-58.16,-42.49,-60.10,2025-10-21 02:47:02+00:00
2025-10-21T02:49:01+00:00,-49.62,-63.53,-64.90,-61.24,-61.26,-51.55,-48.51,-64.72,-51.19,-39.23,-51.05,-55.29,-54.92,-64.29,-58.19,-42.51,-60.29,2025-10-21 02:49:01+00:00
2025-10-21T02:50:02+00:00,-49.44,-63.69,-65.90,-60.90,-61.83,-51.63,-48.21,-65.16,-51.16,-38.82,-50.82,-55.37,-54.82,-64.42,-57.60,-41.82,-60.14,2025-10-21 02:50:02+00:00
2025-10-21T02:52:01+00:00,-49.49,-62.62,-65.12,-61.28,-62.68,-51.73,-48.05,-63.32,-51.10,-38.72,-50.90,-55.46,-54.75,-63.16,-57.91,-41.60,-59.13,2025-10-21 02:52:01+00:00
2025-10-21T02:53:01+00:00,-49.43,-64.09,-65.70,-61.15,-62.09,-51.89,-47.72,-64.59,-51.09,-38.83,-50.92,-55.52,-55.17,-64.33,-57.98,-42.38,-60.44,2025-10-21 02:53:01+00:00
2025-10-21T02:55:02+00:00,-56.17,-63.46,-65.16,-61.34,-62.03,-52.02,-47.81,-64.91,-51.92,-38.68,-50.45,-55.79,-55.54,-64.24,-57.57,-43.91,-60.09,2025-10-21 02:55:02+00:00
2025-10-21T02:56:01+00:00,-56.15,-63.76,-65.84,-61.22,-61.61,-51.75,-47.87,-63.98,-51.32,-38.56,-50.54,-55.58,-55.41,-63.96,-57.31,-43.72,-60.11,2025-10-21 02:56:01+00:00
2025-10-21T02:58:01+00:00,-56.22,-64.28,-66.34,-61.26,-62.56,-52.17,-47.92,-65.38,-51.34,-38.47,-50.77,-55.86,-55.30,-64.22,-57.60,-43.18,-60.35,2025-10-21 02:58:01+00:00
2025-10-21T02:59:01+00:00,-55.87,-63.89,-65.39,-60.94,-62.40,-52.56,-48.26,-64.70,-51.31,-38.86,-50.75,-55.45,-54.71,-64.00,-58.04,-43.78,-59.82,2025-10-21 02:59:01+00:00
2025-10-21T03:01:01+00:00,-55.99,-63.96,-66.35,-61.24,-62.30,-52.16,-47.61,-65.11,-52.54,-38.65,-50.87,-55.10,-54.65,-64.40,-57.79,-44.26,-59.81,2025-10-21 03:01:01+00:00
2025-10-21T03:02:01+00:00,-56.67,-63.63,-65.66,-60.97,-62.35,-52.33,-47.45,-64.47,-52.46,-38.93,-50.96,-54.99,-54.69,-63.78,-57.74,-45.60,-60.10,2025-10-21 03:02:01+00:00
2025-10-21T03:04:01+00:00,-56.80,-63.59,-65.47,-60.61,-61.83,-52.20,-47.54,-64.54,-56.44,-39.10,-51.09,-54.25,-54.87,-64.09,-56.71,-46.60,-58.96,2025-10-21 03:04:01+00:00
2025-10-21T03:05:02+00:00,-56.62,-64.11,-66.24,-61.08,-61.75,-52.24,-47.42,-65.06,-56.80,-38.82,-51.02,-54.44,-54.38,-63.82,-57.83,-46.23,-59.28,2025-10-21 03:05:02+00:00
2025-10-21T03:07:01+00:00,-56.57,-64.09,-65.72,-61.06,-61.94,-52.39,-47.85,-65.26,-56.83,-38.20,-51.17,-54.34,-55.25,-63.96,-58.01,-44.87,-59.94,2025-10-21 03:07:01+00:00
2025-10-21T03:08:01+00:00,-56.78,-64.27,-65.45,-60.82,-61.52,-52.53,-48.29,-64.92,-56.82,-38.27,-51.01,-54.07,-54.84,-63.89,-58.15,-44.65,-60.08,2025-10-21 03:08:01+00:00
2025-10-21T03:10:01+00:00,-57.69,-63.87,-65.86,-60.74,-60.77,-51.97,-48.21,-64.69,-56.78,-38.17,-51.09,-54.13,-55.10,-64.21,-57.89,-45.40,-60.09,2025-10-21 03:10:01+00:00
2025-10-21T03:11:01+00:00,-57.51,-63.98,-66.00,-61.36,-62.26,-50.28,-48.20,-65.24,-56.79,-38.43,-51.10,-54.36,-55.55,-64.12,-58.09,-44.57,-59.71,2025-10-21 03:11:01+00:00
2025-10-21T03:13:01+00:00,-57.38,-63.32,-65.28,-61.36,-61.03,-49.73,-49.29,-64.62,-56.89,-38.84,-50.85,-53.97,-55.11,-63.78,-58.03,-44.85,-59.33,2025-10-21 03:13:01+00:00
2025-10-21T03:14:01+00:00,-56.21,-64.03,-65.68,-60.84,-61.92,-49.71,-49.23,-64.76,-56.89,-38.58,-50.93,-53.83,-55.09,-64.13,-57.78,-45.50,-59.84,2025-10-21 03:14:01+00:00
2025-10-21T03:16:01+00:00,-53.06,-63.71,-65.83,-60.80,-60.96,-49.49,-48.82,-64.87,-56.97,-38.82,-51.13,-54.14,-55.78,-64.21,-58.19,-45.63,-60.11,2025-10-21 03:16:01+00:00
2025-10-21T03:17:01+00:00,-55.52,-63.87,-65.51,-60.89,-61.19,-49.30,-49.01,-64.65,-56.88,-39.20,-51.16,-53.85,-55.20,-63.80,-57.86,-46.21,-59.55,2025-10-21 03:17:01+00:00
2025-10-21T03:19:01+00:00,-54.89,-63.72,-65.18,-60.73,-61.90,-49.25,-48.63,-64.60,-57.40,-39.18,-50.50,-54.23,-55.37,-63.87,-57.75,-45.10,-59.56,2025-10-21 03:19:01+00:00
2025-10-21T03:20:02+00:00,-54.74,-63.60,-65.45,-60.92,-61.40,-49.47,-48.86,-64.50,-57.48,-38.63,-50.77,-54.34,-55.35,-64.14,-57.86,-45.76,-59.18,2025-10-21 03:20:02+00:00
2025-10-21T03:22:01+00:00,-54.73,-64.56,-66.11,-60.92,-60.97,-49.84,-48.92,-65.03,-57.72,-38.40,-50.67,-53.90,-55.46,-64.43,-57.37,-46.29,-59.90,2025-10-21 03:22:01+00:00
2025-10-21T03:23:01+00:00,-54.85,-64.18,-66.28,-60.94,-61.34,-49.64,-48.65,-64.99,-57.54,-38.55,-50.96,-53.70,-55.18,-64.24,-57.98,-45.99,-60.05,2025-10-21 03:23:01+00:00
2025-10-21T03:25:02+00:00,-49.29,-64.12,-66.20,-60.97,-63.00,-49.73,-48.46,-64.59,-55.05,-39.07,-50.89,-53.52,-55.41,-64.21,-57.97,-45.43,-59.94,2025-10-21 03:25:02+00:00
2025-10-21T03:26:01+00:00,-49.39,-65.22,-66.27,-61.00,-61.56,-49.78,-48.62,-64.77,-56.76,-39.27,-50.70,-53.30,-55.98,-64.16,-57.78,-45.03,-59.40,2025-10-21 03:26:01+00:00
2025-10-21T03:28:01+00:00,-49.78,-62.96,-66.15,-61.12,-61.49,-49.82,-48.17,-64.57,-56.77,-39.04,-50.41,-53.30,-57.44,-64.18,-57.94,-44.78,-59.44,2025-10-21 03:28:01+00:00
2025-10-21T03:29:01+00:00,-49.74,-61.77,-65.33,-61.12,-62.65,-49.79,-47.90,-64.92,-56.77,-39.36,-50.53,-53.47,-58.17,-64.22,-58.03,-44.60,-54.01,2025-10-21 03:29:01+00:00
2025-10-21T03:31:01+00:00,-49.77,-61.05,-65.32,-61.04,-62.23,-49.43,-48.18,-64.87,-54.12,-40.19,-50.57,-53.14,-59.29,-64.15,-57.27,-44.04,-54.16,2025-10-21 03:31:01+00:00
2025-10-21T03:32:01+00:00,-49.66,-61.50,-65.14,-61.34,-62.19,-49.43,-48.16,-64.67,-54.48,-40.15,-50.65,-53.13,-59.92,-64.09,-57.78,-44.80,-54.39,2025-10-21 03:32:01+00:00
2025-10-21T03:34:01+00:00,-49.64,-61.51,-65.96,-61.08,-62.24,-50.85,-47.56,-65.49,-51.69,-39.85,-50.76,-53.08,-61.30,-64.37,-58.17,-45.20,-54.02,2025-10-21 03:34:01+00:00
2025-10-21T03:35:02+00:00,-49.60,-61.22,-65.79,-61.15,-62.52,-50.78,-47.64,-65.89,-51.59,-40.12,-50.69,-52.90,-61.28,-64.63,-57.91,-45.71,-53.95,2025-10-21 03:35:02+00:00
2025-10-21T03:37:01+00:00,-49.64,-61.29,-66.36,-61.17,-60.60,-50.88,-47.99,-65.58,-51.62,-40.50,-50.55,-52.86,-61.74,-63.74,-57.82,-46.43,-54.36,2025-10-21 03:37:01+00:00
2025-10-21T03:38:01+00:00,-49.48,-61.15,-66.38,-60.84,-63.02,-50.77,-48.09,-65.17,-51.63,-40.26,-50.92,-52.95,-61.63,-64.44,-57.55,-46.54,-53.91,2025-10-21 03:38:01+00:00
2025-10-21T03:40:01+00:00,-49.67,-61.27,-66.39,-61.38,-62.46,-50.66,-47.86,-65.84,-51.65,-40.64,-50.78,-52.60,-60.54,-64.39,-58.34,-47.44,-54.51,2025-10-21 03:40:01+00:00
2025-10-21T03:41:01+00:00,-49.60,-61.30,-65.98,-61.09,-62.02,-50.79,-48.13,-65.33,-51.56,-40.85,-51.16,-52.62,-60.88,-64.35,-57.76,-47.58,-54.19,2025-10-21 03:41:01+00:00
2025-10-21T03:43:01+00:00,-49.51,-61.24,-65.77,-60.74,-61.64,-50.47,-48.07,-65.06,-51.64,-41.58,-51.10,-52.65,-60.38,-64.24,-57.75,-45.32,-54.05,2025-10-21 03:43:01+00:00
2025-10-21T03:44:01+00:00,-49.54,-60.65,-65.79,-60.83,-62.48,-50.48,-47.99,-65.17,-51.58,-41.76,-51.07,-52.35,-59.77,-63.57,-57.35,-45.45,-54.07,2025-10-21 03:44:01+00:00
2025-10-21T03:46:01+00:00,-49.30,-61.23,-65.53,-60.94,-61.86,-50.41,-48.06,-64.18,-51.56,-42.85,-51.06,-52.14,-59.66,-64.05,-57.93,-45.12,-54.06,2025-10-21 03:46:01+00:00
2025-10-21T03:47:01+00:00,-49.33,-62.23,-66.35,-61.02,-62.51,-50.30,-47.90,-65.53,-51.65,-43.73,-50.96,-52.00,-59.29,-63.85,-57.97,-44.83,-54.46,2025-10-21 03:47:01+00:00
2025-10-21T03:49:01+00:00,-49.39,-62.03,-65.90,-61.23,-62.06,-50.28,-48.13,-65.36,-51.39,-45.32,-51.14,-51.75,-57.72,-64.19,-58.22,-44.44,-54.41,2025-10-21 03:49:01+00:00
2025-10-21T03:50:02+00:00,-49.50,-62.23,-66.84,-61.45,-63.43,-50.51,-48.28,-65.15,-51.32,-46.14,-51.08,-51.89,-57.18,-64.31,-58.30,-43.79,-53.99,2025-10-21 03:50:02+00:00
2025-10-21T03:52:01+00:00,-49.44,-62.70,-66.10,-60.73,-60.78,-50.64,-48.12,-65.43,-51.36,-47.72,-50.95,-51.76,-56.39,-64.14,-57.91,-43.94,-54.04,2025-10-21 03:52:01+00:00
2025-10-21T03:53:02+00:00,-49.42,-63.04,-66.45,-61.11,-62.91,-50.74,-48.46,-65.57,-51.39,-47.40,-51.26,-51.71,-56.16,-64.28,-58.56,-44.11,-54.12,2025-10-21 03:53:02+00:00
2025-10-21T03:55:01+00:00,-55.82,-62.21,-65.56,-60.94,-61.91,-50.60,-48.47,-64.25,-52.06,-46.39,-51.07,-51.30,-56.03,-64.25,-57.43,-45.31,-54.37,2025-10-21 03:55:01+00:00
2025-10-21T03:56:01+00:00,-56.15,-61.54,-65.93,-61.20,-62.46,-50.56,-48.57,-65.28,-51.50,-45.65,-50.96,-51.18,-55.68,-64.31,-57.85,-45.24,-53.95,2025-10-21 03:56:01+00:00
2025-10-21T03:58:02+00:00,-55.91,-62.90,-66.07,-61.03,-61.41,-50.55,-48.45,-65.09,-51.48,-45.43,-51.20,-51.19,-56.17,-64.03,-57.70,-46.92,-53.97,2025-10-21 03:58:02+00:00
2025-10-21T03:59:01+00:00,-55.81,-62.73,-65.73,-61.28,-61.91,-50.47,-48.31,-65.24,-51.46,-45.75,-51.11,-51.28,-56.36,-64.36,-57.78,-47.83,-54.11,2025-10-21 03:59:01+00:00
2025-10-21T04:01:01+00:00,-56.56,-62.97,-65.84,-61.37,-61.91,-50.48,-48.60,-65.21,-52.84,-46.31,-51.26,-50.97,-56.81,-64.57,-57.63,-47.57,-53.93,2025-10-21 04:01:01+00:00
2025-10-21T04:02:01+00:00,-56.37,-63.19,-65.30,-61.26,-62.53,-49.20,-48.44,-64.90,-52.48,-46.27,-50.99,-50.82,-56.76,-64.44,-57.80,-47.63,-53.99,2025-10-21 04:02:01+00:00
2025-10-21T04:04:01+00:00,-56.35,-63.10,-64.96,-61.05,-62.29,-49.27,-48.31,-65.29,-56.70,-45.66,-51.04,-50.66,-57.45,-64.41,-57.53,-48.97,-53.98,2025-10-21 04:04:01+00:00
2025-10-21T04:05:01+00:00,-56.31,-62.85,-65.57,-61.44,-62.56,-49.27,-47.08,-64.35,-56.97,-45.53,-51.13,-50.41,-57.82,-64.39,-57.17,-49.73,-54.15,2025-10-21 04:05:01+00:00
2025-10-21T04:07:01+00:00,-55.80,-63.12,-65.64,-61.56,-62.20,-49.42,-48.59,-65.17,-57.02,-45.85,-51.19,-50.55,-59.11,-64.24,-57.16,-48.44,-53.98,2025-10-21 04:07:01+00:00
2025-10-21T04:08:02+00:00,-55.57,-62.98,-65.39,-61.40,-62.53,-49.22,-48.43,-64.93,-56.77,-45.95,-50.92,-50.73,-59.50,-64.24,-58.38,-47.56,-54.32,2025-10-21 04:08:02+00:00
2025-10-21T04:10:01+00:00,-56.64,-62.85,-65.87,-61.00,-60.97,-49.28,-48.36,-64.77,-57.28,-45.48,-51.04,-51.09,-60.61,-64.22,-57.92,-48.72,-54.32,2025-10-21 04:10:01+00:00
2025-10-21T04:11:01+00:00,-56.88,-63.59,-66.12,-61.97,-62.24,-49.51,-48.31,-65.05,-58.09,-45.64,-51.03,-51.37,-61.36,-64.68,-57.89,-49.69,-54.16,2025-10-21 04:11:01+00:00
2025-10-21T04:13:02+00:00,-56.41,-63.67,-66.80,-61.18,-61.85,-46.70,-48.40,-65.64,-57.73,-45.54,-51.20,-52.19,-62.36,-64.45,-57.78,-48.83,-54.29,2025-10-21 04:13:02+00:00
2025-10-21T04:14:01+00:00,-56.65,-62.98,-65.53,-61.38,-62.96,-46.72,-48.53,-64.69,-57.36,-45.92,-51.06,-52.66,-62.81,-64.47,-58.25,-48.19,-54.02,2025-10-21 04:14:01+00:00
2025-10-21T04:16:01+00:00,-56.39,-63.71,-66.49,-61.27,-61.53,-46.63,-48.58,-65.45,-57.62,-45.50,-51.05,-53.73,-62.99,-64.63,-58.27,-49.06,-54.50,2025-10-21 04:16:01+00:00
2025-10-21T04:17:01+00:00,-56.43,-63.74,-67.15,-61.70,-63.06,-46.69,-48.67,-65.54,-57.59,-45.34,-50.98,-54.26,-63.17,-64.71,-58.34,-49.45,-54.41,2025-10-21 04:17:01+00:00
2025-10-21T04:19:01+00:00,-52.44,-63.78,-67.29,-61.15,-61.92,-46.84,-48.70,-66.09,-57.52,-45.01,-51.22,-54.92,-62.73,-64.93,-57.43,-49.59,-54.39,2025-10-21 04:19:01+00:00
2025-10-21T04:20:01+00:00,-51.79,-64.13,-67.23,-61.47,-62.07,-46.96,-48.98,-66.20,-57.44,-44.64,-51.32,-55.26,-62.61,-64.59,-58.27,-50.23,-54.56,2025-10-21 04:20:01+00:00
2025-10-21T04:22:01+00:00,-51.78,-63.12,-65.98,-61.46,-61.23,-46.92,-49.35,-65.26,-57.55,-44.66,-51.07,-56.26,-61.35,-64.12,-57.99,-48.24,-54.04,2025-10-21 04:22:01+00:00
2025-10-21T04:23:02+00:00,-52.10,-62.22,-65.55,-61.31,-63.49,-50.80,-49.27,-64.67,-57.03,-44.16,-50.87,-56.64,-60.75,-64.03,-58.32,-47.52,-54.55,2025-10-21 04:23:02+00:00
2025-10-21T04:25:01+00:00,-48.32,-62.81,-64.67,-60.62,-61.54,-50.67,-49.08,-65.18,-54.92,-43.40,-51.04,-57.28,-59.81,-63.37,-57.66,-48.06,-54.52,2025-10-21 04:25:01+00:00
2025-10-21T04:26:02+00:00,-48.29,-63.70,-66.49,-61.16,-63.55,-50.83,-49.17,-65.71,-56.66,-43.03,-51.57,-58.45,-60.24,-64.43,-58.03,-49.36,-54.10,2025-10-21 04:26:02+00:00
2025-10-21T04:28:01+00:00,-48.44,-63.71,-65.55,-61.40,-62.21,-50.52,-48.98,-65.35,-56.82,-42.68,-51.65,-59.54,-59.47,-63.56,-58.03,-48.67,-54.03,2025-10-21 04:28:01+00:00
2025-10-21T04:29:01+00:00,-48.43,-62.95,-66.00,-61.27,-62.67,-50.67,-49.15,-65.33,-56.90,-42.81,-51.45,-59.82,-59.26,-64.01,-57.82,-49.52,-54.00,2025-10-21 04:29:01+00:00
2025-10-21T04:31:02+00:00,-48.13,-63.42,-65.93,-60.95,-61.59,-50.85,-48.88,-64.01,-54.33,-42.54,-51.09,-60.15,-59.30,-64.14,-57.91,-51.42,-54.06,2025-10-21 04:31:02+00:00
2025-10-21T04:32:01+00:00,-48.00,-62.96,-65.98,-60.99,-64.41,-50.78,-49.16,-65.17,-54.27,-42.10,-51.16,-60.51,-59.20,-64.13,-58.35,-52.08,-54.21,2025-10-21 04:32:01+00:00
2025-10-21T04:34:01+00:00,-49.35,-61.89,-64.79,-60.96,-62.48,-50.72,-49.07,-64.55,-51.58,-42.31,-51.10,-60.26,-58.98,-63.70,-58.33,-51.57,-53.98,2025-10-21 04:34:01+00:00
2025-10-21T04:35:01+00:00,-49.42,-63.21,-66.10,-61.47,-62.09,-50.87,-48.92,-64.56,-51.54,-42.51,-51.19,-60.56,-59.29,-64.37,-57.65,-53.23,-54.27,2025-10-21 04:35:01+00:00
2025-10-21T04:37:01+00:00,-49.33,-60.75,-65.56,-60.77,-61.28,-50.92,-48.84,-64.53,-51.59,-42.26,-50.98,-60.35,-59.13,-63.99,-57.78,-52.71,-54.14,2025-10-21 04:37:01+00:00
2025-10-21T04:38:02+00:00,-49.29,-62.06,-67.44,-61.53,-63.65,-51.09,-49.13,-66.10,-51.65,-42.35,-51.16,-60.84,-59.58,-64.67,-58.01,-53.50,-53.98,2025-10-21 04:38:02+00:00
2025-10-21T04:40:01+00:00,-49.40,-63.13,-66.30,-61.07,-62.19,-50.66,-48.97,-65.41,-51.62,-42.21,-51.10,-60.13,-59.49,-64.25,-57.77,-53.34,-54.01,2025-10-21 04:40:01+00:00
2025-10-21T04:41:02+00:00,-49.32,-64.57,-67.37,-61.50,-61.88,-50.68,-48.92,-65.89,-51.63,-42.35,-50.93,-60.15,-59.81,-64.99,-57.66,-52.60,-54.20,2025-10-21 04:41:02+00:00
2025-10-21T04:43:01+00:00,-49.48,-63.03,-66.39,-61.61,-61.47,-50.64,-49.17,-65.04,-51.60,-42.48,-50.79,-59.58,-59.67,-64.64,-57.71,-52.75,-54.16,2025-10-21 04:43:01+00:00
2025-10-21T04:44:01+00:00,-49.60,-63.41,-66.79,-61.62,-62.55,-50.73,-48.97,-65.50,-51.61,-42.35,-50.77,-59.35,-60.00,-64.77,-57.68,-53.11,-54.35,2025-10-21 04:44:01+00:00
2025-10-21T04:46:02+00:00,-49.34,-58.33,-66.14,-61.13,-61.92,-50.67,-48.85,-65.08,-51.57,-43.02,-50.62,-58.73,-60.08,-64.26,-57.65,-52.09,-54.14,2025-10-21 04:46:02+00:00
2025-10-21T04:47:01+00:00,-49.42,-58.35,-66.10,-61.09,-61.82,-50.47,-48.62,-65.18,-51.61,-43.32,-50.66,-58.68,-60.05,-64.50,-57.96,-50.58,-54.15,2025-10-21 04:47:01+00:00
2025-10-21T04:49:01+00:00,-49.55,-60.53,-66.47,-61.14,-61.77,-50.50,-48.44,-64.87,-51.64,-43.12,-50.77,-58.57,-60.27,-64.30,-58.00,-47.16,-54.13,2025-10-21 04:49:01+00:00
2025-10-21T04:50:01+00:00,-49.47,-59.05,-67.06,-61.40,-61.67,-50.49,-48.41,-65.96,-51.71,-42.77,-50.78,-58.54,-60.32,-64.96,-57.29,-47.29,-54.10,2025-10-21 04:50:01+00:00
2025-10-21T04:52:01+00:00,-49.52,-61.49,-66.07,-61.30,-62.24,-50.41,-48.61,-64.92,-51.62,-42.09,-50.71,-58.01,-60.32,-64.58,-57.22,-48.11,-54.02,2025-10-21 04:52:01+00:00
2025-10-21T04:53:01+00:00,-49.44,-63.14,-66.51,-61.51,-64.03,-49.14,-48.86,-65.64,-51.68,-41.91,-50.87,-58.07,-60.57,-64.66,-57.93,-48.99,-54.08,2025-10-21 04:53:01+00:00
2025-10-21T04:55:01+00:00,-52.06,-63.07,-66.67,-61.15,-62.63,-46.64,-49.49,-65.89,-52.58,-41.45,-50.74,-57.60,-60.61,-64.35,-57.47,-48.83,-54.04,2025-10-21 04:55:01+00:00
2025-10-21T04:56:02+00:00,-51.77,-61.57,-66.12,-61.00,-63.07,-46.65,-49.32,-65.18,-51.82,-41.76,-50.38,-57.46,-60.74,-64.72,-57.50,-48.34,-54.08,2025-10-21 04:56:02+00:00
2025-10-21T04:58:01+00:00,-51.78,-61.56,-65.81,-61.22,-63.22,-46.40,-49.26,-64.98,-51.73,-41.43,-50.40,-56.77,-60.50,-64.09,-56.71,-48.57,-53.94,2025-10-21 04:58:01+00:00
2025-10-21T04:59:01+00:00,-51.66,-64.07,-66.42,-61.14,-64.34,-46.43,-49.02,-65.26,-51.78,-40.95,-50.32,-57.00,-61.36,-64.57,-57.42,-48.81,-53.98,2025-10-21 04:59:01+00:00
2025-10-21T05:01:01+00:00,-52.13,-62.99,-66.02,-61.07,-62.55,-46.63,-49.81,-65.02,-53.15,-40.74,-50.25,-56.64,-61.05,-63.93,-57.65,-48.17,-53.89,2025-10-21 05:01:01+00:00
2025-10-21T05:02:01+00:00,-52.28,-62.67,-66.03,-61.16,-63.83,-46.76,-49.78,-65.37,-53.00,-40.84,-50.43,-56.43,-60.90,-64.50,-57.37,-48.37,-54.00,2025-10-21 05:02:01+00:00
2025-10-21T05:04:01+00:00,-51.84,-63.38,-66.94,-60.84,-63.16,-46.75,-49.93,-65.18,-57.14,-41.09,-50.75,-56.33,-61.05,-64.36,-56.96,-47.61,-54.02,2025-10-21 05:04:01+00:00
2025-10-21T05:05:01+00:00,-51.24,-62.58,-67.18,-61.20,-63.08,-46.70,-50.12,-65.60,-57.60,-40.91,-50.55,-56.10,-61.16,-65.15,-57.71,-47.52,-54.06,2025-10-21 05:05:01+00:00
2025-10-21T05:07:01+00:00,-54.71,-63.27,-66.83,-61.08,-62.82,-46.91,-50.21,-64.80,-57.45,-40.76,-50.87,-56.15,-61.17,-64.29,-57.68,-48.11,-54.24,2025-10-21 05:07:01+00:00
2025-10-21T05:08:01+00:00,-54.95,-63.66,-67.12,-61.44,-63.02,-46.83,-50.15,-65.31,-57.58,-40.51,-51.01,-55.92,-61.24,-65.01,-57.59,-48.59,-54.29,2025-10-21 05:08:01+00:00
2025-10-21T05:10:01+00:00,-54.89,-62.23,-67.29,-61.68,-61.78,-46.45,-49.81,-65.04,-57.44,-40.68,-51.17,-55.89,-61.37,-64.37,-57.42,-48.31,-54.19,2025-10-21 05:10:01+00:00
2025-10-21T05:11:02+00:00,-53.82,-61.59,-68.40,-61.21,-62.94,-49.54,-49.63,-65.86,-57.59,-40.63,-51.60,-56.02,-61.61,-64.73,-57.60,-48.15,-54.15,2025-10-21 05:11:02+00:00
2025-10-21T05:13:01+00:00,-50.62,-63.72,-66.54,-61.45,-61.89,-49.00,-49.44,-65.40,-56.75,-41.87,-52.01,-55.83,-61.26,-64.62,-57.72,-48.62,-54.29,2025-10-21 05:13:01+00:00
2025-10-21T05:14:01+00:00,-50.86,-63.89,-67.67,-61.18,-63.97,-48.81,-49.27,-65.77,-56.26,-42.85,-52.22,-55.96,-61.68,-65.02,-57.76,-50.29,-54.18,2025-10-21 05:14:01+00:00
2025-10-21T05:16:02+00:00,-50.92,-63.70,-66.44,-61.23,-62.05,-48.53,-49.39,-65.49,-56.45,-45.16,-52.39,-55.84,-61.78,-64.68,-57.52,-55.05,-54.22,2025-10-21 05:16:02+00:00
2025-10-21T05:17:01+00:00,-52.70,-63.95,-68.56,-61.11,-63.73,-48.39,-49.09,-66.61,-57.00,-46.67,-52.27,-56.01,-62.04,-65.47,-57.52,-56.95,-54.23,2025-10-21 05:17:01+00:00
2025-10-21T05:19:01+00:00,-53.77,-64.90,-67.31,-60.15,-62.50,-48.66,-49.12,-65.89,-57.09,-50.10,-51.94,-55.95,-62.41,-64.88,-56.87,-57.59,-54.31,2025-10-21 05:19:01+00:00
2025-10-21T05:20:01+00:00,-52.01,-62.20,-67.82,-61.16,-62.81,-48.85,-49.20,-65.97,-57.33,-52.63,-51.74,-56.02,-62.52,-65.04,-57.34,-58.71,-54.30,2025-10-21 05:20:01+00:00
2025-10-21T05:22:01+00:00,-51.91,-62.62,-66.26,-61.06,-63.70,-49.35,-49.10,-65.25,-57.25,-60.34,-51.52,-55.99,-62.31,-64.80,-56.81,-57.82,-54.09,2025-10-21 05:22:01+00:00
2025-10-21T05:23:01+00:00,-51.57,-63.69,-68.03,-60.70,-62.77,-49.71,-50.61,-65.94,-57.78,-60.86,-50.84,-56.31,-62.67,-65.41,-55.94,-56.37,-54.38,2025-10-21 05:23:01+00:00
2025-10-21T05:25:01+00:00,-52.01,-63.56,-66.28,-60.66,-62.56,-50.18,-48.50,-64.95,-57.70,-56.07,-50.52,-56.21,-62.31,-64.36,-46.05,-53.36,-54.27,2025-10-21 05:25:01+00:00
2025-10-21T05:26:02+00:00,-52.47,-63.08,-66.51,-60.65,-63.03,-50.34,-48.74,-64.73,-61.86,-54.66,-50.45,-56.14,-62.42,-64.47,-47.78,-52.86,-54.26,2025-10-21 05:26:02+00:00
2025-10-21T05:28:01+00:00,-52.36,-61.95,-65.62,-60.48,-63.38,-50.66,-48.79,-63.91,-60.37,-52.67,-50.28,-56.31,-61.94,-64.03,-55.29,-52.50,-54.19,2025-10-21 05:28:01+00:00
2025-10-21T05:29:01+00:00,-52.61,-62.87,-65.59,-60.75,-62.16,-50.79,-48.79,-63.74,-61.18,-51.71,-50.41,-56.46,-62.26,-63.89,-56.79,-51.59,-54.17,2025-10-21 05:29:01+00:00
2025-10-21T05:31:01+00:00,-52.29,-62.92,-65.61,-60.50,-62.83,-51.12,-48.86,-63.14,-56.08,-50.32,-50.28,-56.48,-62.46,-64.14,-55.33,-51.09,-54.16,2025-10-21 05:31:01+00:00
2025-10-21T05:32:01+00:00,-52.79,-62.55,-65.71,-60.28,-62.50,-51.45,-48.78,-64.23,-56.09,-49.58,-50.56,-56.39,-62.90,-64.27,-54.07,-50.84,-54.09,2025-10-21 05:32:01+00:00
2025-10-21T05:34:01+00:00,-52.78,-62.77,-65.88,-60.97,-62.43,-52.19,-48.92,-64.26,-52.50,-47.89,-51.04,-56.61,-62.70,-64.05,-56.69,-49.84,-54.16,2025-10-21 05:34:01+00:00
2025-10-21T05:35:01+00:00,-52.97,-62.68,-66.31,-59.10,-63.90,-52.47,-48.90,-64.05,-52.25,-47.10,-51.05,-56.67,-62.53,-64.46,-57.73,-49.65,-54.18,2025-10-21 05:35:01+00:00
2025-10-21T05:37:01+00:00,-51.91,-63.50,-67.00,-57.55,-64.35,-52.85,-48.93,-64.91,-52.38,-46.04,-51.65,-56.81,-62.87,-64.30,-55.36,-48.88,-59.65,2025-10-21 05:37:01+00:00
2025-10-21T05:38:01+00:00,-52.22,-63.65,-66.33,-61.05,-62.44,-53.25,-49.06,-65.07,-52.45,-45.50,-51.79,-56.84,-62.62,-64.11,-56.66,-48.97,-54.23,2025-10-21 05:38:01+00:00
2025-10-21T05:40:01+00:00,-52.86,-63.13,-66.48,-60.94,-63.16,-53.41,-49.08,-64.91,-52.31,-44.58,-51.92,-56.96,-62.76,-64.31,-57.33,-48.10,-59.38,2025-10-21 05:40:01+00:00
2025-10-21T05:41:02+00:00,-51.71,-63.47,-66.06,-60.37,-61.92,-51.69,-49.04,-64.90,-52.28,-44.20,-51.94,-56.83,-62.72,-63.98,-57.26,-47.90,-59.26,2025-10-21 05:41:02+00:00
2025-10-21T05:43:01+00:00,-52.60,-61.99,-66.71,-60.70,-62.66,-51.45,-49.48,-64.27,-52.21,-43.86,-52.02,-56.75,-62.99,-64.36,-57.40,-47.66,-59.95,2025-10-21 05:43:01+00:00
2025-10-21T05:44:01+00:00,-52.56,-61.15,-65.92,-60.70,-61.87,-51.60,-49.44,-63.49,-52.32,-43.76,-51.99,-56.96,-62.45,-64.44,-57.17,-47.58,-59.98,2025-10-21 05:44:01+00:00
2025-10-21T05:46:01+00:00,-50.47,-63.11,-66.81,-60.82,-63.78,-51.71,-49.60,-61.65,-52.33,-43.29,-52.47,-57.03,-62.45,-64.56,-56.90,-47.28,-59.91,2025-10-21 05:46:01+00:00
2025-10-21T05:47:01+00:00,-50.77,-62.91,-66.52,-58.83,-63.08,-51.70,-50.16,-60.31,-52.24,-43.14,-52.65,-56.95,-61.91,-64.65,-56.73,-47.69,-60.11,2025-10-21 05:47:01+00:00
2025-10-21T05:49:01+00:00,-50.81,-61.58,-66.14,-60.38,-64.06,-51.67,-50.17,-61.25,-52.24,-42.83,-52.79,-56.92,-61.54,-64.11,-56.87,-48.34,-59.74,2025-10-21 05:49:01+00:00
2025-10-21T05:50:01+00:00,-50.69,-63.02,-66.85,-60.69,-63.07,-50.37,-50.16,-62.73,-52.27,-42.69,-52.71,-56.96,-62.38,-64.15,-57.09,-48.65,-59.97,2025-10-21 05:50:01+00:00
2025-10-21T05:52:01+00:00,-50.18,-61.16,-66.24,-60.52,-63.70,-51.50,-50.24,-64.40,-52.14,-42.48,-53.08,-57.12,-61.64,-63.82,-55.68,-48.58,-59.29,2025-10-21 05:52:01+00:00
2025-10-21T05:53:01+00:00,-50.40,-61.33,-65.95,-60.35,-63.48,-51.76,-50.50,-64.66,-52.22,-42.48,-53.21,-57.22,-61.41,-63.97,-55.89,-48.97,-59.20,2025-10-21 05:53:01+00:00
2025-10-21T05:55:01+00:00,-50.17,-60.75,-66.40,-60.57,-62.19,-51.77,-50.49,-64.49,-52.30,-42.09,-53.33,-57.13,-62.31,-64.49,-56.16,-48.83,-53.59,2025-10-21 05:55:01+00:00
2025-10-21T05:56:01+00:00,-50.51,-62.47,-67.18,-60.52,-62.89,-51.67,-50.69,-65.15,-51.59,-41.74,-53.56,-57.33,-62.82,-64.23,-56.77,-48.91,-53.75,2025-10-21 05:56:01+00:00
2025-10-21T05:58:01+00:00,-50.28,-61.51,-66.62,-60.20,-63.86,-51.90,-51.23,-63.12,-51.66,-41.56,-53.60,-57.50,-62.96,-64.38,-56.64,-49.91,-53.74,2025-10-21 05:58:01+00:00
2025-10-21T05:59:02+00:00,-50.36,-61.99,-66.71,-60.15,-62.39,-51.59,-51.14,-61.12,-51.65,-41.26,-53.44,-57.64,-62.89,-64.07,-56.47,-49.26,-53.90,2025-10-21 05:59:02+00:00
2025-10-21T06:01:01+00:00,-52.68,-62.93,-66.73,-60.26,-63.40,-51.57,-51.52,-62.60,-52.93,-40.92,-53.21,-57.52,-63.52,-64.58,-56.15,-50.20,-53.76,2025-10-21 06:01:01+00:00
2025-10-21T06:02:01+00:00,-52.87,-62.55,-66.57,-60.31,-62.52,-51.68,-51.50,-62.73,-52.88,-40.83,-53.30,-57.60,-63.33,-64.10,-56.07,-50.41,-53.71,2025-10-21 06:02:01+00:00
2025-10-21T06:04:02+00:00,-52.62,-63.75,-66.78,-60.51,-62.91,-54.72,-51.88,-62.92,-57.20,-40.67,-53.12,-57.74,-63.25,-64.19,-55.89,-51.52,-53.64,2025-10-21 06:04:02+00:00
2025-10-21T06:05:01+00:00,-53.03,-62.88,-66.66,-60.00,-62.65,-54.79,-52.05,-62.05,-57.37,-40.67,-53.01,-57.62,-63.29,-64.15,-55.45,-51.51,-55.32,2025-10-21 06:05:01+00:00
2025-10-21T06:07:01+00:00,-52.09,-63.52,-66.29,-59.68,-63.75,-54.67,-52.37,-62.60,-57.72,-40.35,-53.15,-57.79,-62.94,-64.13,-55.14,-50.41,-54.22,2025-10-21 06:07:01+00:00
2025-10-21T06:08:01+00:00,-53.08,-64.05,-66.56,-60.08,-62.34,-54.56,-52.34,-62.60,-57.72,-40.39,-52.99,-57.91,-63.38,-64.07,-55.02,-50.40,-53.66,2025-10-21 06:08:01+00:00
2025-10-21T06:10:01+00:00,-53.83,-65.04,-66.52,-60.17,-62.76,-54.67,-52.49,-62.28,-57.51,-40.05,-52.77,-57.95,-62.74,-63.38,-55.57,-51.29,-53.08,2025-10-21 06:10:01+00:00
2025-10-21T06:11:02+00:00,-51.47,-64.73,-66.60,-60.18,-62.68,-54.77,-52.44,-61.85,-57.52,-39.91,-52.86,-57.97,-62.89,-63.71,-55.56,-51.43,-55.42,2025-10-21 06:11:02+00:00
2025-10-21T06:13:01+00:00,-50.81,-66.35,-68.61,-61.30,-65.94,-54.72,-52.16,-62.55,-58.18,-39.73,-52.61,-58.40,-60.76,-61.43,-55.85,-51.10,-53.84,2025-10-21 06:13:01+00:00
2025-10-21T06:14:01+00:00,-50.66,-66.26,-68.84,-61.27,-65.99,-54.70,-51.93,-62.84,-57.48,-39.41,-52.42,-58.61,-60.52,-60.51,-54.30,-51.17,-60.50,2025-10-21 06:14:01+00:00
2025-10-21T06:16:02+00:00,-50.97,-65.27,-68.41,-61.04,-66.13,-55.12,-51.78,-63.24,-57.26,-39.45,-52.48,-58.84,-61.76,-60.95,-49.79,-50.53,-59.45,2025-10-21 06:16:02+00:00
2025-10-21T06:18:01+00:00,-50.26,-65.79,-68.84,-61.01,-65.63,-54.91,-51.58,-63.22,-57.24,-39.37,-52.33,-58.71,-61.13,-62.24,-44.94,-50.59,-58.71,2025-10-21 06:18:01+00:00
2025-10-21T06:19:01+00:00,-49.80,-64.26,-69.96,-61.18,-66.31,-55.18,-51.31,-63.52,-57.15,-39.33,-52.47,-59.03,-64.27,-62.23,-48.61,-49.93,-59.22,2025-10-21 06:19:01+00:00
2025-10-21T06:21:01+00:00,-53.33,-65.82,-69.94,-61.40,-66.68,-55.28,-51.47,-63.24,-57.15,-39.43,-52.69,-59.00,-64.23,-62.45,-53.58,-49.09,-60.78,2025-10-21 06:21:01+00:00
2025-10-21T06:22:02+00:00,-52.57,-65.46,-69.32,-60.54,-66.56,-55.02,-51.34,-63.17,-57.32,-39.45,-52.57,-59.00,-64.01,-63.59,-55.35,-49.03,-56.54,2025-10-21 06:22:02+00:00
2025-10-21T06:24:01+00:00,-52.83,-66.30,-69.34,-60.91,-66.27,-54.97,-51.66,-63.74,-57.48,-39.47,-52.54,-59.08,-63.98,-63.80,-55.63,-47.96,-59.68,2025-10-21 06:24:01+00:00
2025-10-21T06:25:01+00:00,-53.04,-65.57,-69.47,-61.04,-66.28,-55.04,-51.36,-63.02,-57.47,-39.48,-52.52,-58.98,-63.76,-62.95,-55.44,-47.77,-60.35,2025-10-21 06:25:01+00:00
2025-10-21T06:27:02+00:00,-52.63,-65.51,-69.06,-61.04,-65.83,-55.18,-51.40,-63.26,-61.05,-39.78,-53.77,-59.20,-63.62,-62.49,-55.78,-46.99,-56.91,2025-10-21 06:27:02+00:00
2025-10-21T06:28:01+00:00,-50.97,-65.87,-70.28,-60.75,-66.36,-55.18,-51.56,-63.62,-61.12,-39.86,-53.70,-59.37,-63.75,-64.15,-54.65,-46.87,-60.37,2025-10-21 06:28:01+00:00
2025-10-21T06:30:01+00:00,-49.41,-64.45,-70.06,-60.73,-65.39,-55.00,-51.66,-63.14,-61.08,-39.88,-53.91,-58.97,-63.60,-64.56,-54.43,-46.99,-59.00,2025-10-21 06:30:01+00:00
2025-10-21T06:31:02+00:00,-49.99,-65.97,-62.45,-60.87,-66.63,-55.00,-51.62,-62.78,-56.07,-39.93,-53.79,-59.10,-63.70,-63.98,-54.06,-46.82,-60.63,2025-10-21 06:31:02+00:00
2025-10-21T06:33:01+00:00,-49.52,-66.35,-69.07,-60.86,-66.51,-52.44,-51.48,-63.31,-52.29,-40.03,-53.82,-59.21,-63.65,-63.36,-55.66,-46.30,-59.56,2025-10-21 06:33:01+00:00
2025-10-21T06:34:01+00:00,-49.06,-65.16,-69.15,-60.93,-66.05,-51.78,-51.22,-62.93,-52.25,-39.83,-53.66,-57.46,-63.66,-63.78,-56.14,-46.22,-58.88,2025-10-21 06:34:01+00:00
2025-10-21T06:36:02+00:00,-49.64,-64.99,-65.98,-60.57,-66.82,-50.82,-51.26,-63.41,-52.05,-39.94,-54.08,-59.59,-63.65,-63.74,-56.60,-46.03,-59.96,2025-10-21 06:36:02+00:00
2025-10-21T06:37:01+00:00,-49.39,-65.51,-68.46,-60.71,-65.46,-51.87,-51.52,-63.43,-52.10,-39.88,-54.06,-59.61,-63.47,-62.97,-56.69,-46.00,-60.19,2025-10-21 06:37:01+00:00
2025-10-21T06:39:01+00:00,-50.40,-65.63,-65.34,-60.69,-65.64,-51.88,-51.43,-63.25,-52.07,-40.11,-54.08,-59.59,-63.11,-63.73,-56.47,-46.01,-60.83,2025-10-21 06:39:01+00:00
2025-10-21T06:40:01+00:00,-47.96,-65.25,-68.65,-60.47,-66.30,-51.84,-51.70,-63.51,-51.22,-40.09,-54.34,-59.72,-63.14,-64.09,-56.52,-46.00,-59.62,2025-10-21 06:40:01+00:00
2025-10-21T06:42:01+00:00,-48.19,-65.29,-67.84,-60.72,-66.49,-51.93,-51.73,-62.74,-51.19,-40.56,-54.31,-59.35,-62.25,-63.79,-56.63,-46.82,-60.78,2025-10-21 06:42:01+00:00
2025-10-21T06:43:01+00:00,-48.22,-64.67,-67.92,-60.65,-66.11,-51.89,-51.64,-62.81,-51.26,-40.83,-54.34,-59.15,-61.97,-63.80,-56.24,-47.25,-60.89,2025-10-21 06:43:01+00:00
2025-10-21T06:45:01+00:00,-47.62,-63.94,-68.14,-60.19,-65.88,-51.97,-51.18,-63.30,-51.28,-41.55,-54.82,-58.89,-61.69,-64.17,-55.99,-47.76,-60.16,2025-10-21 06:45:01+00:00
2025-10-21T06:46:02+00:00,-48.13,-66.05,-69.25,-60.41,-66.05,-51.94,-50.90,-62.66,-51.30,-41.84,-54.82,-58.87,-61.16,-64.20,-55.93,-47.73,-60.68,2025-10-21 06:46:02+00:00
2025-10-21T06:48:01+00:00,-47.99,-66.00,-70.02,-59.71,-65.08,-51.75,-50.69,-63.03,-51.33,-42.31,-55.10,-58.88,-61.65,-64.60,-55.95,-48.36,-60.56,2025-10-21 06:48:01+00:00
2025-10-21T06:49:01+00:00,-47.29,-64.35,-70.03,-59.78,-66.16,-51.57,-50.97,-62.99,-51.28,-42.43,-55.47,-58.71,-61.53,-64.92,-55.87,-48.59,-60.06,2025-10-21 06:49:01+00:00
2025-10-21T06:51:02+00:00,-47.02,-66.77,-69.91,-61.24,-65.51,-51.99,-50.71,-64.01,-51.18,-42.67,-55.55,-58.81,-61.45,-64.51,-56.04,-48.65,-58.83,2025-10-21 06:51:02+00:00
2025-10-21T06:52:01+00:00,-47.32,-66.97,-69.84,-61.78,-66.32,-52.02,-50.56,-64.20,-51.19,-42.77,-55.69,-58.74,-61.38,-64.68,-56.95,-48.77,-59.12,2025-10-21 06:52:01+00:00
2025-10-21T06:54:01+00:00,-47.77,-63.78,-70.01,-61.23,-65.95,-51.71,-50.76,-63.40,-51.08,-42.98,-55.61,-58.63,-61.29,-64.83,-56.17,-49.19,-61.03,2025-10-21 06:54:01+00:00
2025-10-21T06:55:01+00:00,-47.78,-64.25,-70.28,-60.89,-66.25,-55.25,-50.35,-63.86,-50.96,-43.15,-55.82,-58.69,-61.42,-64.75,-56.64,-48.98,-60.69,2025-10-21 06:55:01+00:00
2025-10-21T06:57:01+00:00,-48.05,-67.93,-70.29,-61.67,-67.13,-55.32,-50.36,-63.39,-50.53,-43.24,-55.92,-58.85,-61.47,-64.86,-56.02,-49.26,-60.54,2025-10-21 06:57:01+00:00
2025-10-21T06:58:01+00:00,-48.03,-67.32,-70.65,-61.12,-66.62,-55.27,-50.65,-64.21,-50.56,-44.17,-56.25,-58.88,-61.31,-65.10,-56.41,-49.72,-58.92,2025-10-21 06:58:01+00:00
2025-10-21T07:00:01+00:00,-48.08,-67.92,-70.08,-61.46,-66.31,-55.26,-50.38,-63.81,-51.28,-64.47,-56.51,-58.90,-61.26,-64.97,-56.14,-49.76,-57.98,2025-10-21 07:00:01+00:00
2025-10-21T07:01:01+00:00,-47.95,-67.61,-70.44,-61.19,-65.77,-55.29,-50.18,-64.38,-51.80,-64.53,-56.63,-58.68,-61.34,-64.80,-56.61,-49.91,-57.61,2025-10-21 07:01:01+00:00
2025-10-21T07:03:01+00:00,-48.42,-68.93,-70.93,-61.50,-66.46,-55.18,-50.16,-64.40,-54.74,-64.68,-56.92,-59.02,-61.39,-64.63,-56.41,-50.19,-61.02,2025-10-21 07:03:01+00:00
2025-10-21T07:04:01+00:00,-49.04,-68.75,-70.65,-62.34,-66.26,-55.30,-50.27,-65.04,-54.98,-65.02,-57.28,-59.10,-61.22,-64.48,-56.56,-50.38,-60.76,2025-10-21 07:04:01+00:00
2025-10-21T07:06:01+00:00,-49.31,-68.81,-71.22,-61.29,-65.03,-55.09,-50.13,-64.28,-55.04,-64.56,-57.34,-59.23,-61.24,-64.52,-55.87,-50.24,-60.54,2025-10-21 07:06:01+00:00
2025-10-21T07:07:02+00:00,-49.56,-68.65,-70.66,-61.37,-66.09,-55.21,-50.41,-64.95,-55.25,-64.45,-57.27,-58.96,-61.22,-64.77,-55.63,-50.29,-61.53,2025-10-21 07:07:02+00:00
2025-10-21T07:09:01+00:00,-49.31,-67.76,-70.84,-61.65,-66.38,-55.10,-50.00,-64.92,-55.48,-64.12,-57.79,-59.13,-61.18,-64.26,-55.66,-50.06,-61.07,2025-10-21 07:09:01+00:00
2025-10-21T07:10:01+00:00,-52.37,-68.44,-70.84,-62.09,-67.10,-54.41,-49.88,-64.65,-57.41,-63.91,-57.85,-59.07,-61.19,-64.65,-55.17,-50.46,-61.15,2025-10-21 07:10:01+00:00
2025-10-21T07:12:01+00:00,-52.46,-68.37,-70.70,-61.63,-66.30,-54.98,-49.73,-64.61,-57.51,-63.93,-57.73,-59.16,-61.12,-64.57,-55.14,-50.01,-61.12,2025-10-21 07:12:01+00:00
2025-10-21T07:13:01+00:00,-51.52,-68.23,-69.65,-60.90,-66.47,-55.03,-49.52,-64.65,-57.07,-63.83,-58.05,-59.30,-61.09,-64.62,-54.39,-50.18,-58.03,2025-10-21 07:13:01+00:00
2025-10-21T07:15:01+00:00,-51.89,-68.29,-70.25,-61.43,-66.94,-54.97,-49.83,-64.49,-56.91,-63.98,-58.15,-59.20,-61.10,-64.68,-54.23,-50.63,-61.03,2025-10-21 07:15:01+00:00
2025-10-21T07:16:01+00:00,-52.25,-66.49,-69.42,-61.79,-66.25,-54.85,-49.70,-58.63,-56.81,-63.59,-57.95,-58.94,-60.97,-64.59,-54.03,-50.49,-60.62,2025-10-21 07:16:01+00:00
2025-10-21T07:18:01+00:00,-52.31,-68.04,-69.36,-61.46,-66.16,-54.83,-49.35,-61.84,-57.13,-63.85,-58.33,-59.03,-60.72,-64.77,-54.56,-50.17,-58.01,2025-10-21 07:18:01+00:00
2025-10-21T07:19:01+00:00,-51.76,-66.89,-70.57,-61.53,-66.59,-54.66,-49.11,-62.31,-57.44,-64.24,-57.89,-59.04,-60.83,-64.81,-54.27,-50.17,-60.82,2025-10-21 07:19:01+00:00
2025-10-21T07:21:01+00:00,-52.22,-63.08,-69.25,-61.56,-66.26,-54.62,-49.25,-59.93,-57.81,-64.31,-55.94,-59.05,-60.58,-64.73,-54.71,-49.69,-56.72,2025-10-21 07:21:01+00:00
2025-10-21T07:22:02+00:00,-51.83,-67.85,-70.24,-61.13,-65.52,-54.62,-49.28,-61.24,-57.99,-64.05,-55.90,-58.91,-60.79,-64.74,-55.12,-49.53,-58.26,2025-10-21 07:22:02+00:00
2025-10-21T07:24:01+00:00,-53.52,-68.39,-70.41,-61.36,-65.73,-52.15,-49.08,-60.26,-57.73,-64.42,-56.35,-58.97,-60.80,-64.77,-54.63,-49.24,-60.86,2025-10-21 07:24:01+00:00
2025-10-21T07:25:02+00:00,-53.04,-67.34,-69.86,-61.61,-66.01,-51.94,-48.87,-59.50,-61.59,-64.24,-56.28,-59.00,-60.74,-64.64,-54.78,-49.43,-60.10,2025-10-21 07:25:02+00:00
2025-10-21T07:27:01+00:00,-53.15,-66.80,-70.13,-61.72,-65.50,-51.50,-48.81,-59.08,-61.84,-64.13,-56.11,-58.84,-60.86,-64.77,-54.52,-48.76,-61.00,2025-10-21 07:27:01+00:00
2025-10-21T07:28:01+00:00,-53.19,-66.85,-69.80,-61.42,-66.22,-49.72,-48.93,-58.68,-61.66,-64.11,-55.95,-58.83,-60.77,-64.72,-55.25,-48.80,-60.88,2025-10-21 07:28:01+00:00
2025-10-21T07:30:02+00:00,-52.37,-66.78,-68.17,-61.40,-65.37,-51.71,-49.01,-58.41,-56.00,-64.08,-55.85,-58.58,-60.52,-64.83,-54.50,-48.53,-60.31,2025-10-21 07:30:02+00:00
2025-10-21T07:31:01+00:00,-52.96,-66.91,-69.58,-61.81,-65.21,-51.74,-48.89,-59.57,-56.26,-64.25,-55.81,-58.56,-60.53,-65.03,-53.86,-48.33,-60.45,2025-10-21 07:31:01+00:00
2025-10-21T07:33:02+00:00,-50.72,-66.89,-70.02,-61.59,-66.69,-51.77,-48.96,-59.17,-52.36,-64.22,-55.61,-58.63,-60.63,-65.05,-54.19,-47.98,-59.95,2025-10-21 07:33:02+00:00
2025-10-21T07:34:01+00:00,-50.88,-67.38,-69.30,-60.22,-65.58,-51.24,-48.63,-59.95,-52.33,-63.87,-55.52,-58.78,-60.50,-64.20,-53.53,-47.77,-59.77,2025-10-21 07:34:01+00:00
2025-10-21T07:36:01+00:00,-51.10,-66.85,-69.32,-60.57,-66.09,-51.36,-48.37,-59.29,-52.41,-63.90,-55.83,-58.60,-60.52,-64.52,-53.83,-46.85,-58.59,2025-10-21 07:36:01+00:00
2025-10-21T07:37:01+00:00,-51.70,-67.31,-69.61,-60.77,-66.00,-51.17,-48.57,-57.98,-52.31,-61.65,-55.62,-58.66,-60.24,-64.49,-53.89,-46.90,-59.90,2025-10-21 07:37:01+00:00
2025-10-21T07:39:01+00:00,-51.55,-67.31,-69.61,-60.90,-65.91,-51.35,-48.51,-58.48,-52.31,-61.89,-55.62,-58.59,-60.45,-64.38,-53.05,-46.01,-59.66,2025-10-21 07:39:01+00:00
2025-10-21T07:40:01+00:00,-48.27,-65.98,-68.54,-60.98,-66.23,-51.42,-48.81,-57.86,-51.56,-61.37,-58.95,-58.56,-60.18,-64.50,-52.50,-45.71,-56.81,2025-10-21 07:40:01+00:00
2025-10-21T07:42:01+00:00,-48.30,-66.56,-69.73,-60.92,-65.41,-51.30,-48.94,-57.42,-51.63,-62.71,-59.46,-58.72,-60.21,-64.35,-49.47,-45.72,-59.86,2025-10-21 07:42:01+00:00
2025-10-21T07:43:02+00:00,-48.61,-66.70,-69.65,-60.76,-66.25,-51.00,-48.86,-57.55,-51.74,-62.83,-59.72,-58.78,-60.32,-64.69,-48.23,-45.66,-58.27,2025-10-21 07:43:02+00:00
2025-10-21T07:45:01+00:00,-49.02,-67.45,-70.07,-61.15,-66.37,-51.18,-48.78,-56.25,-51.80,-64.26,-58.15,-58.48,-60.17,-64.36,-47.33,-45.24,-60.02,2025-10-21 07:45:01+00:00
2025-10-21T07:46:01+00:00,-48.80,-67.49,-69.37,-57.02,-65.76,-53.72,-48.40,-55.13,-51.68,-64.73,-60.14,-58.39,-60.13,-64.41,-49.94,-45.34,-58.55,2025-10-21 07:46:01+00:00
2025-10-21T07:48:01+00:00,-48.45,-64.62,-69.04,-59.13,-65.77,-53.96,-48.48,-53.00,-51.55,-64.55,-60.10,-58.37,-59.97,-64.10,-52.76,-45.25,-59.76,2025-10-21 07:48:01+00:00
2025-10-21T07:49:01+00:00,-48.57,-65.06,-69.82,-58.53,-66.68,-53.92,-48.51,-52.01,-51.61,-64.51,-59.91,-58.33,-60.01,-64.39,-52.96,-45.23,-59.38,2025-10-21 07:49:01+00:00
2025-10-21T07:51:01+00:00,-48.26,-65.28,-69.81,-60.77,-65.77,-53.84,-48.84,-50.67,-51.54,-64.46,-59.91,-58.32,-59.89,-64.50,-53.20,-45.19,-60.12,2025-10-21 07:51:01+00:00
2025-10-21T07:52:01+00:00,-46.85,-65.62,-68.91,-58.38,-66.31,-53.74,-48.53,-50.38,-51.38,-64.82,-59.16,-58.43,-59.97,-64.73,-53.73,-45.08,-59.66,2025-10-21 07:52:01+00:00
2025-10-21T07:54:01+00:00,-47.57,-64.48,-69.22,-58.36,-65.95,-53.80,-48.63,-51.74,-51.48,-64.42,-62.27,-58.22,-59.68,-64.31,-53.85,-45.02,-59.80,2025-10-21 07:54:01+00:00
2025-10-21T07:55:01+00:00,-47.46,-65.52,-69.70,-60.98,-65.55,-53.61,-48.44,-52.05,-50.83,-62.11,-61.83,-58.17,-59.80,-64.52,-52.83,-45.03,-59.78,2025-10-21 07:55:01+00:00
2025-10-21T07:57:01+00:00,-47.65,-66.44,-69.70,-61.05,-65.80,-53.60,-48.45,-50.98,-50.81,-63.29,-57.26,-58.20,-59.87,-64.18,-51.80,-44.84,-58.79,2025-10-21 07:57:01+00:00
2025-10-21T07:58:01+00:00,-47.54,-65.96,-69.76,-61.17,-66.71,-53.84,-48.62,-50.38,-50.77,-47.34,-55.72,-58.08,-59.87,-64.28,-48.97,-44.95,-59.65,2025-10-21 07:58:01+00:00
2025-10-21T08:00:01+00:00,-47.32,-64.58,-67.82,-59.92,-65.80,-53.66,-48.78,-49.57,-51.69,-45.11,-56.70,-57.85,-59.17,-63.13,-52.15,-44.90,-57.89,2025-10-21 08:00:01+00:00
2025-10-21T08:01:01+00:00,-47.99,-63.80,-69.15,-60.73,-65.46,-53.77,-48.65,-49.33,-51.61,-44.35,-56.19,-57.94,-58.65,-63.52,-52.40,-45.20,-60.05,2025-10-21 08:01:01+00:00
2025-10-21T08:03:01+00:00,-46.72,-64.27,-69.38,-60.90,-66.07,-53.63,-48.71,-49.51,-54.82,-43.75,-56.10,-57.93,-59.60,-62.79,-51.80,-44.76,-59.13,2025-10-21 08:03:01+00:00
2025-10-21T08:04:01+00:00,-46.57,-64.56,-69.53,-60.32,-65.85,-53.42,-48.54,-50.12,-54.92,-43.56,-55.95,-58.13,-59.82,-63.42,-51.94,-44.68,-59.29,2025-10-21 08:04:01+00:00
2025-10-21T08:06:01+00:00,-47.73,-63.40,-69.75,-60.74,-66.21,-53.49,-48.77,-50.75,-55.17,-43.56,-55.76,-57.90,-59.93,-63.97,-51.35,-44.37,-59.42,2025-10-21 08:06:01+00:00
2025-10-21T08:07:01+00:00,-47.41,-63.40,-70.00,-60.32,-65.56,-53.50,-48.55,-51.60,-55.09,-43.36,-55.76,-57.94,-59.83,-63.90,-51.34,-44.35,-59.25,2025-10-21 08:07:01+00:00
2025-10-21T08:09:01+00:00,-48.55,-63.24,-69.69,-61.36,-65.99,-53.46,-48.72,-53.10,-55.05,-43.25,-55.66,-57.90,-59.75,-63.92,-51.79,-44.44,-58.14,2025-10-21 08:09:01+00:00
2025-10-21T08:10:01+00:00,-51.11,-63.30,-69.76,-60.97,-66.52,-53.55,-48.55,-53.51,-57.21,-43.13,-55.63,-57.87,-59.60,-63.63,-51.43,-44.28,-55.66,2025-10-21 08:10:01+00:00
2025-10-21T08:12:01+00:00,-52.21,-63.77,-69.20,-60.71,-64.74,-53.55,-48.86,-53.22,-57.17,-43.08,-55.61,-57.85,-59.66,-63.78,-51.48,-44.45,-59.94,2025-10-21 08:12:01+00:00
2025-10-21T08:13:02+00:00,-52.29,-64.06,-69.57,-60.48,-66.28,-53.48,-48.83,-53.21,-56.75,-43.09,-55.33,-57.70,-59.81,-63.92,-50.87,-44.32,-59.22,2025-10-21 08:13:02+00:00
2025-10-21T08:15:01+00:00,-52.16,-64.25,-69.80,-59.90,-65.65,-50.19,-48.87,-53.54,-56.75,-42.96,-59.99,-57.64,-59.62,-63.16,-50.92,-43.81,-60.17,2025-10-21 08:15:01+00:00
2025-10-21T08:16:02+00:00,-51.83,-64.26,-68.62,-57.50,-66.31,-49.45,-48.42,-53.67,-56.70,-42.91,-59.64,-57.68,-59.57,-62.95,-51.17,-43.54,-59.24,2025-10-21 08:16:02+00:00
2025-10-21T08:18:01+00:00,-49.80,-63.74,-69.24,-58.23,-66.30,-49.85,-48.45,-52.88,-56.29,-42.65,-60.00,-57.65,-59.52,-64.01,-51.72,-43.94,-58.96,2025-10-21 08:18:01+00:00
2025-10-21T08:19:01+00:00,-49.59,-64.05,-67.71,-58.39,-66.18,-50.29,-48.36,-52.87,-56.46,-42.54,-59.93,-57.69,-59.58,-63.86,-51.88,-43.83,-59.78,2025-10-21 08:19:01+00:00
2025-10-21T08:21:01+00:00,-50.78,-64.37,-68.56,-58.41,-66.04,-50.03,-48.32,-52.41,-57.20,-42.52,-59.59,-57.63,-59.50,-60.60,-51.37,-43.82,-59.40,2025-10-21 08:21:01+00:00
2025-10-21T08:22:01+00:00,-50.28,-64.49,-69.36,-61.08,-66.49,-49.79,-48.28,-52.04,-57.03,-42.55,-59.54,-57.53,-59.57,-63.90,-51.21,-43.86,-59.56,2025-10-21 08:22:01+00:00
2025-10-21T08:24:01+00:00,-49.40,-64.43,-69.52,-60.32,-65.84,-49.94,-48.41,-51.36,-57.24,-42.49,-59.22,-57.57,-59.53,-64.10,-50.91,-43.93,-59.46,2025-10-21 08:24:01+00:00
2025-10-21T08:25:01+00:00,-49.34,-64.08,-69.46,-61.07,-65.68,-49.77,-48.65,-51.10,-60.78,-42.43,-58.74,-57.43,-59.48,-63.95,-51.36,-44.03,-59.08,2025-10-21 08:25:01+00:00
2025-10-21T08:27:01+00:00,-49.71,-64.31,-69.04,-61.08,-66.18,-49.82,-48.65,-49.26,-60.85,-42.30,-58.84,-57.42,-59.51,-64.21,-51.46,-43.97,-59.71,2025-10-21 08:27:01+00:00
2025-10-21T08:28:01+00:00,-50.16,-63.72,-69.67,-61.75,-66.36,-49.92,-48.64,-49.10,-60.69,-42.38,-59.44,-57.49,-59.42,-64.62,-52.27,-43.67,-57.62,2025-10-21 08:28:01+00:00
2025-10-21T08:30:01+00:00,-50.17,-64.29,-69.75,-61.74,-66.46,-49.32,-48.84,-49.01,-55.90,-42.21,-59.29,-57.32,-59.42,-64.15,-52.76,-44.00,-60.33,2025-10-21 08:30:01+00:00
2025-10-21T08:31:01+00:00,-51.53,-63.90,-69.31,-62.06,-65.66,-49.46,-48.84,-48.93,-55.88,-42.16,-59.67,-57.30,-59.23,-64.52,-52.47,-43.69,-60.75,2025-10-21 08:31:01+00:00
2025-10-21T08:33:01+00:00,-49.83,-64.56,-69.76,-61.53,-65.75,-49.29,-48.73,-48.97,-52.26,-41.97,-59.77,-57.26,-59.35,-64.83,-52.64,-43.83,-60.37,2025-10-21 08:33:01+00:00
2025-10-21T08:34:01+00:00,-52.41,-63.10,-68.48,-60.68,-65.42,-49.20,-48.53,-49.10,-52.13,-41.95,-58.32,-57.10,-59.20,-64.16,-52.74,-43.98,-57.46,2025-10-21 08:34:01+00:00
2025-10-21T08:36:01+00:00,-52.57,-63.73,-67.85,-60.14,-64.99,-49.41,-48.69,-49.47,-52.15,-42.08,-58.57,-57.00,-59.21,-64.51,-52.91,-44.03,-58.80,2025-10-21 08:36:01+00:00
2025-10-21T08:37:01+00:00,-48.84,-64.06,-69.35,-59.82,-66.39,-53.21,-48.34,-49.31,-52.15,-42.18,-58.54,-57.21,-59.25,-64.21,-53.16,-44.09,-57.64,2025-10-21 08:37:01+00:00
2025-10-21T08:39:01+00:00,-48.43,-64.91,-69.26,-59.56,-66.32,-53.10,-48.45,-49.23,-52.09,-41.99,-58.89,-57.13,-59.39,-63.87,-52.11,-44.31,-59.57,2025-10-21 08:39:01+00:00
2025-10-21T08:40:02+00:00,-45.67,-64.00,-69.61,-60.26,-67.06,-53.08,-48.57,-49.31,-51.34,-41.89,-59.01,-57.12,-59.14,-63.39,-52.31,-44.46,-59.10,2025-10-21 08:40:02+00:00
2025-10-21T08:42:01+00:00,-46.28,-64.58,-69.23,-60.02,-66.14,-53.07,-48.43,-49.66,-51.33,-41.84,-58.94,-56.95,-59.27,-64.21,-52.27,-44.07,-59.24,2025-10-21 08:42:01+00:00
2025-10-21T08:43:01+00:00,-46.96,-64.85,-69.32,-60.34,-65.44,-53.02,-48.56,-50.10,-51.27,-41.70,-58.94,-57.17,-59.27,-64.03,-51.88,-44.05,-59.56,2025-10-21 08:43:01+00:00
2025-10-21T08:45:02+00:00,-47.21,-64.54,-69.40,-60.33,-66.05,-53.25,-48.22,-49.96,-51.31,-41.61,-58.76,-57.08,-59.38,-64.38,-53.28,-43.90,-56.88,2025-10-21 08:45:02+00:00
2025-10-21T08:46:01+00:00,-47.53,-64.42,-69.82,-60.65,-65.13,-53.14,-48.39,-50.43,-51.36,-41.58,-56.08,-57.01,-59.26,-64.83,-52.79,-43.97,-59.63,2025-10-21 08:46:01+00:00
2025-10-21T08:48:01+00:00,-47.56,-64.31,-69.42,-60.34,-65.81,-53.34,-48.23,-53.03,-51.43,-41.56,-56.09,-57.02,-59.25,-64.32,-52.59,-44.34,-59.00,2025-10-21 08:48:01+00:00
2025-10-21T08:49:01+00:00,-48.01,-64.17,-69.34,-60.13,-66.04,-53.01,-48.28,-53.22,-51.45,-41.54,-56.23,-56.92,-59.24,-64.21,-52.20,-44.23,-59.49,2025-10-21 08:49:01+00:00
2025-10-21T08:51:01+00:00,-48.53,-64.79,-69.33,-60.73,-65.87,-53.14,-48.14,-53.28,-51.28,-41.51,-56.05,-56.95,-59.19,-64.72,-52.09,-44.22,-58.99,2025-10-21 08:51:01+00:00
2025-10-21T08:52:01+00:00,-48.87,-64.87,-69.27,-60.49,-65.38,-53.19,-48.32,-53.20,-51.31,-41.55,-56.02,-56.87,-59.34,-64.49,-52.25,-44.09,-57.06,2025-10-21 08:52:01+00:00
2025-10-21T08:54:01+00:00,-47.28,-64.91,-68.33,-60.51,-66.27,-53.14,-48.26,-53.18,-51.39,-41.56,-55.89,-56.81,-59.26,-64.27,-51.50,-44.55,-58.99,2025-10-21 08:54:01+00:00
2025-10-21T08:55:02+00:00,-47.12,-65.08,-69.43,-59.35,-66.79,-53.10,-48.24,-52.91,-50.67,-41.57,-55.79,-56.89,-59.23,-64.10,-50.08,-44.85,-59.65,2025-10-21 08:55:02+00:00
2025-10-21T08:57:01+00:00,-46.60,-65.08,-70.33,-60.08,-65.82,-49.07,-48.27,-52.40,-50.59,-41.49,-55.99,-56.83,-59.18,-63.89,-50.54,-45.30,-59.06,2025-10-21 08:57:01+00:00
2025-10-21T08:58:02+00:00,-46.70,-64.82,-70.33,-61.19,-65.10,-53.07,-48.49,-52.15,-50.66,-41.43,-56.06,-56.65,-59.24,-64.62,-50.39,-45.66,-59.33,2025-10-21 08:58:02+00:00
2025-10-21T09:00:01+00:00,-47.12,-64.58,-70.20,-60.68,-67.04,-53.07,-48.25,-51.44,-51.63,-41.38,-56.05,-56.81,-59.19,-64.08,-50.88,-46.25,-59.28,2025-10-21 09:00:01+00:00
2025-10-21T09:01:01+00:00,-47.54,-64.76,-69.91,-61.03,-65.85,-53.17,-48.33,-50.64,-51.60,-41.26,-55.90,-56.76,-58.90,-64.39,-50.83,-46.34,-59.32,2025-10-21 09:01:01+00:00
2025-10-21T09:03:01+00:00,-47.65,-63.83,-69.34,-60.49,-65.94,-50.76,-48.36,-49.31,-54.47,-41.40,-59.22,-56.65,-59.32,-64.41,-50.69,-46.85,-58.70,2025-10-21 09:03:01+00:00
2025-10-21T09:04:01+00:00,-47.37,-64.76,-70.40,-61.03,-66.51,-53.17,-48.35,-49.58,-54.78,-41.29,-58.74,-56.82,-59.40,-64.21,-51.08,-47.30,-59.66,2025-10-21 09:04:01+00:00
2025-10-21T09:06:01+00:00,-47.11,-64.51,-70.01,-60.72,-66.61,-48.97,-48.37,-50.69,-54.77,-41.32,-59.32,-56.59,-59.28,-64.37,-51.03,-47.60,-59.25,2025-10-21 09:06:01+00:00
2025-10-21T09:07:02+00:00,-48.27,-64.67,-70.38,-60.94,-66.36,-49.15,-48.16,-50.40,-54.74,-41.24,-59.35,-56.72,-59.20,-64.38,-50.95,-47.97,-59.58,2025-10-21 09:07:02+00:00
2025-10-21T09:09:01+00:00,-48.93,-65.09,-70.23,-61.26,-65.99,-48.62,-48.18,-50.60,-54.62,-41.30,-59.38,-56.70,-59.23,-64.44,-50.88,-47.64,-59.88,2025-10-21 09:09:01+00:00
2025-10-21T09:10:01+00:00,-51.05,-65.00,-70.08,-60.93,-65.43,-48.36,-48.22,-50.73,-56.74,-41.40,-59.34,-56.60,-59.23,-64.57,-51.16,-47.82,-59.27,2025-10-21 09:10:01+00:00
2025-10-21T09:12:02+00:00,-50.97,-64.31,-69.77,-61.12,-66.07,-48.67,-47.80,-50.02,-56.64,-41.35,-59.51,-56.40,-59.27,-64.78,-51.78,-47.44,-58.51,2025-10-21 09:12:02+00:00
2025-10-21T09:13:01+00:00,-51.17,-64.09,-70.26,-60.94,-66.34,-48.34,-48.46,-49.88,-56.31,-41.40,-59.29,-56.74,-59.43,-64.53,-51.38,-47.85,-58.96,2025-10-21 09:13:01+00:00
2025-10-21T09:15:01+00:00,-51.84,-64.18,-69.51,-60.69,-66.12,-48.38,-48.25,-49.78,-56.20,-41.38,-59.51,-56.58,-59.20,-64.63,-51.08,-48.25,-59.21,2025-10-21 09:15:01+00:00
2025-10-21T09:16:01+00:00,-49.86,-63.58,-69.88,-61.12,-65.98,-48.27,-48.31,-49.39,-56.10,-41.35,-59.13,-56.52,-59.29,-64.72,-51.14,-47.79,-59.12,2025-10-21 09:16:01+00:00
2025-10-21T09:18:01+00:00,-50.07,-63.64,-69.41,-60.84,-65.61,-48.19,-48.27,-49.69,-56.32,-41.26,-58.86,-56.48,-59.25,-64.54,-51.05,-47.99,-59.09,2025-10-21 09:18:01+00:00
2025-10-21T09:19:01+00:00,-50.44,-63.69,-70.12,-61.26,-66.42,-48.21,-48.10,-50.18,-56.28,-41.18,-58.86,-56.44,-59.30,-64.09,-51.08,-47.91,-57.99,2025-10-21 09:19:01+00:00
2025-10-21T09:21:01+00:00,-51.84,-65.48,-68.62,-59.33,-65.22,-48.06,-48.16,-51.49,-56.97,-41.17,-55.84,-56.59,-59.22,-64.08,-51.13,-47.67,-59.28,2025-10-21 09:21:01+00:00
2025-10-21T09:22:02+00:00,-51.09,-65.63,-68.39,-58.62,-65.50,-48.37,-47.82,-51.94,-56.52,-41.30,-55.86,-56.52,-58.99,-64.03,-51.04,-47.42,-58.83,2025-10-21 09:22:02+00:00
2025-10-21T09:24:01+00:00,-48.64,-66.85,-69.88,-61.75,-66.45,-48.31,-48.19,-52.30,-56.90,-41.29,-56.97,-56.36,-59.44,-64.99,-51.18,-47.73,-60.66,2025-10-21 09:24:01+00:00
2025-10-21T09:25:02+00:00,-48.73,-67.17,-69.43,-61.98,-66.24,-48.17,-48.61,-52.08,-60.95,-41.23,-57.25,-56.52,-59.34,-64.94,-51.76,-47.43,-60.52,2025-10-21 09:25:02+00:00
2025-10-21T09:27:01+00:00,-49.39,-67.47,-70.26,-55.10,-65.55,-44.67,-48.51,-51.65,-60.81,-41.35,-57.03,-56.42,-59.16,-64.69,-51.67,-47.10,-59.96,2025-10-21 09:27:01+00:00
2025-10-21T09:28:01+00:00,-49.50,-67.48,-70.30,-56.02,-66.11,-44.17,-48.18,-51.15,-60.85,-41.27,-56.89,-56.39,-59.22,-64.71,-52.37,-47.11,-59.81,2025-10-21 09:28:01+00:00
2025-10-21T09:30:02+00:00,-50.18,-66.73,-69.72,-55.32,-65.77,-46.03,-48.46,-50.10,-55.86,-41.45,-56.48,-56.45,-59.16,-64.40,-52.34,-47.34,-58.91,2025-10-21 09:30:02+00:00
2025-10-21T09:31:01+00:00,-50.04,-66.67,-70.29,-54.37,-65.89,-45.98,-48.11,-50.14,-55.96,-41.34,-56.60,-56.38,-59.13,-64.57,-53.01,-47.33,-58.85,2025-10-21 09:31:01+00:00
2025-10-21T09:33:01+00:00,-49.70,-66.49,-69.23,-55.03,-66.59,-46.01,-48.18,-49.86,-52.11,-41.16,-56.55,-56.37,-59.05,-64.15,-53.20,-47.84,-58.90,2025-10-21 09:33:01+00:00
2025-10-21T09:34:02+00:00,-51.86,-66.78,-69.31,-55.16,-61.78,-45.97,-48.05,-49.77,-52.09,-41.36,-56.49,-56.45,-58.97,-64.45,-53.55,-48.25,-59.02,2025-10-21 09:34:02+00:00
2025-10-21T09:36:01+00:00,-52.32,-66.66,-69.06,-56.08,-61.88,-45.78,-48.24,-48.86,-52.02,-41.17,-56.74,-56.28,-58.54,-64.29,-53.53,-48.15,-59.27,2025-10-21 09:36:01+00:00
2025-10-21T09:37:01+00:00,-50.47,-66.36,-68.70,-55.67,-66.34,-45.99,-48.18,-48.74,-52.06,-41.41,-56.95,-56.39,-59.24,-63.69,-52.68,-48.13,-59.31,2025-10-21 09:37:01+00:00
2025-10-21T09:39:02+00:00,-48.76,-65.90,-68.70,-56.10,-65.74,-45.79,-48.09,-48.57,-51.64,-41.31,-62.13,-56.18,-59.25,-63.53,-51.76,-48.00,-54.15,2025-10-21 09:39:02+00:00
2025-10-21T09:40:01+00:00,-47.44,-66.47,-68.40,-55.96,-65.39,-45.63,-48.04,-48.62,-51.13,-41.32,-62.36,-56.24,-59.19,-63.87,-53.71,-47.91,-54.29,2025-10-21 09:40:01+00:00
2025-10-21T09:42:01+00:00,-47.26,-65.69,-67.28,-54.93,-66.04,-45.79,-47.86,-48.51,-51.21,-41.33,-62.36,-56.13,-59.09,-59.86,-53.99,-47.33,-54.09,2025-10-21 09:42:01+00:00
2025-10-21T09:43:01+00:00,-47.30,-65.86,-66.67,-55.05,-65.22,-45.68,-47.89,-48.64,-51.28,-41.35,-62.54,-56.16,-58.94,-61.91,-54.02,-47.67,-54.17,2025-10-21 09:43:01+00:00
2025-10-21T09:45:01+00:00,-47.90,-65.31,-67.78,-55.75,-65.60,-45.81,-47.81,-48.71,-51.32,-41.23,-61.92,-56.25,-59.12,-62.10,-53.18,-48.03,-54.12,2025-10-21 09:45:01+00:00
2025-10-21T09:46:01+00:00,-47.64,-65.55,-67.43,-55.40,-66.12,-45.94,-47.75,-48.77,-51.31,-41.23,-62.26,-56.13,-59.17,-62.30,-53.18,-48.12,-54.13,2025-10-21 09:46:01+00:00
2025-10-21T09:48:01+00:00,-47.69,-65.90,-66.66,-54.50,-64.18,-45.77,-47.51,-48.61,-51.30,-41.25,-61.90,-56.13,-59.07,-61.75,-52.76,-48.10,-59.45,2025-10-21 09:48:01+00:00
2025-10-21T09:49:02+00:00,-48.20,-62.26,-60.29,-53.70,-63.42,-45.94,-47.70,-48.55,-51.19,-41.44,-60.12,-55.38,-57.52,-59.14,-52.75,-47.96,-55.67,2025-10-21 09:49:02+00:00
2025-10-21T09:51:01+00:00,-48.17,-65.73,-66.46,-53.16,-65.47,-45.98,-47.96,-48.66,-51.09,-41.20,-61.99,-56.09,-59.11,-61.62,-52.84,-48.46,-59.40,2025-10-21 09:51:01+00:00
2025-10-21T09:52:02+00:00,-47.35,-64.14,-66.35,-52.92,-65.61,-45.99,-47.81,-48.72,-51.09,-41.25,-61.86,-56.07,-59.15,-61.64,-52.86,-48.90,-57.65,2025-10-21 09:52:02+00:00
2025-10-21T09:54:01+00:00,-47.11,-66.62,-68.85,-55.64,-65.81,-45.73,-47.69,-48.81,-51.02,-41.15,-61.58,-56.30,-59.02,-63.58,-52.53,-50.38,-59.28,2025-10-21 09:54:01+00:00
2025-10-21T09:55:01+00:00,-47.11,-66.57,-69.31,-56.18,-66.24,-45.65,-47.80,-48.75,-50.33,-41.21,-61.05,-56.29,-59.16,-63.79,-52.37,-50.49,-59.26,2025-10-21 09:55:01+00:00
2025-10-21T09:57:02+00:00,-47.75,-65.80,-68.72,-56.35,-63.38,-44.59,-47.89,-48.79,-50.33,-41.24,-61.37,-56.06,-58.22,-64.38,-52.49,-50.80,-58.90,2025-10-21 09:57:02+00:00
2025-10-21T09:58:01+00:00,-47.73,-65.37,-66.68,-53.57,-65.56,-44.66,-47.86,-48.75,-50.39,-41.09,-60.91,-56.18,-59.11,-58.88,-52.62,-50.80,-58.82,2025-10-21 09:58:01+00:00
2025-10-21T10:00:01+00:00,-47.71,-67.07,-68.57,-55.69,-64.62,-44.51,-47.75,-48.63,-51.42,-41.16,-56.73,-56.11,-59.03,-63.47,-53.12,-51.19,-59.17,2025-10-21 10:00:01+00:00
2025-10-21T10:01:01+00:00,-47.94,-66.30,-68.96,-56.13,-64.96,-44.37,-47.95,-48.61,-51.38,-41.16,-56.50,-56.12,-58.97,-64.50,-52.86,-51.25,-58.99,2025-10-21 10:01:01+00:00
2025-10-21T10:03:01+00:00,-47.44,-65.88,-68.64,-55.39,-66.21,-44.23,-48.08,-48.70,-54.28,-41.07,-56.03,-56.12,-59.11,-65.15,-52.29,-51.23,-58.11,2025-10-21 10:03:01+00:00
2025-10-21T10:04:01+00:00,-48.01,-66.46,-68.08,-55.70,-65.80,-44.42,-47.96,-48.79,-54.46,-41.06,-56.45,-56.11,-58.98,-64.51,-52.53,-51.14,-58.57,2025-10-21 10:04:01+00:00
2025-10-21T10:06:01+00:00,-47.02,-66.58,-68.33,-56.55,-65.35,-44.43,-47.72,-48.77,-54.47,-41.28,-56.43,-56.08,-59.08,-64.67,-52.92,-50.84,-58.70,2025-10-21 10:06:01+00:00
2025-10-21T10:07:01+00:00,-47.21,-66.91,-69.75,-57.11,-65.47,-44.30,-47.93,-48.70,-54.48,-41.28,-59.32,-56.04,-59.02,-64.90,-53.56,-50.33,-59.44,2025-10-21 10:07:01+00:00
2025-10-21T10:09:01+00:00,-47.94,-66.87,-69.64,-56.39,-66.00,-44.44,-48.00,-48.71,-56.42,-41.40,-60.22,-56.07,-59.12,-63.67,-52.07,-49.76,-59.47,2025-10-21 10:09:01+00:00
2025-10-21T10:10:02+00:00,-47.91,-66.24,-68.88,-56.65,-66.26,-44.44,-47.55,-48.66,-56.22,-41.33,-60.43,-56.03,-59.03,-64.40,-53.63,-49.92,-59.05,2025-10-21 10:10:02+00:00
2025-10-21T10:12:01+00:00,-48.62,-67.11,-69.58,-60.83,-65.81,-48.27,-47.84,-48.57,-55.95,-41.35,-60.19,-56.09,-59.07,-61.16,-49.05,-50.88,-59.25,2025-10-21 10:12:01+00:00
2025-10-21T10:13:01+00:00,-48.32,-66.31,-69.23,-59.96,-66.18,-48.23,-47.90,-48.71,-55.81,-41.26,-60.36,-56.02,-59.13,-59.83,-48.97,-50.24,-58.87,2025-10-21 10:13:01+00:00
2025-10-21T10:15:02+00:00,-49.48,-65.94,-68.08,-61.07,-65.89,-48.14,-47.66,-48.45,-55.97,-41.08,-60.06,-55.97,-58.82,-61.83,-49.32,-49.66,-55.01,2025-10-21 10:15:02+00:00
2025-10-21T10:16:01+00:00,-49.19,-66.48,-68.58,-56.86,-65.34,-44.98,-47.42,-48.83,-55.85,-41.36,-60.15,-56.14,-59.15,-60.67,-52.54,-50.29,-52.79,2025-10-21 10:16:01+00:00
2025-10-21T10:18:01+00:00,-51.69,-65.92,-68.59,-56.44,-66.54,-44.51,-47.35,-48.72,-56.01,-41.38,-60.32,-56.11,-58.95,-61.77,-53.61,-49.48,-53.47,2025-10-21 10:18:01+00:00
2025-10-21T10:19:01+00:00,-51.92,-65.71,-68.75,-56.98,-66.15,-44.34,-47.30,-48.69,-55.81,-41.39,-60.31,-55.89,-58.98,-62.67,-53.58,-49.53,-53.56,2025-10-21 10:19:01+00:00
2025-10-21T10:21:01+00:00,-49.35,-66.27,-69.11,-56.36,-64.18,-45.91,-47.68,-48.58,-56.21,-41.29,-61.21,-56.11,-58.94,-63.34,-53.37,-49.55,-53.53,2025-10-21 10:21:01+00:00
2025-10-21T10:22:01+00:00,-48.29,-65.56,-68.60,-56.88,-65.52,-45.98,-47.59,-48.42,-56.19,-41.38,-61.04,-55.81,-58.81,-63.54,-53.54,-49.47,-53.35,2025-10-21 10:22:01+00:00
2025-10-21T10:24:01+00:00,-49.21,-66.87,-68.76,-56.37,-65.70,-45.93,-47.61,-48.36,-56.52,-41.29,-60.94,-55.65,-59.01,-63.56,-53.57,-48.83,-53.43,2025-10-21 10:24:01+00:00
2025-10-21T10:25:02+00:00,-50.41,-64.84,-68.17,-56.63,-65.18,-45.86,-47.58,-48.53,-60.59,-41.27,-61.06,-55.79,-58.76,-62.83,-53.41,-49.12,-53.48,2025-10-21 10:25:02+00:00
2025-10-21T10:27:01+00:00,-50.35,-67.09,-69.17,-56.77,-66.62,-45.84,-47.36,-48.17,-60.48,-41.46,-60.92,-55.73,-58.90,-63.13,-53.12,-48.46,-53.45,2025-10-21 10:27:01+00:00
2025-10-21T10:28:01+00:00,-49.71,-67.22,-68.90,-56.91,-65.38,-45.59,-47.16,-48.24,-60.48,-41.44,-60.72,-55.66,-59.02,-63.29,-53.32,-48.81,-58.94,2025-10-21 10:28:01+00:00
2025-10-21T10:30:01+00:00,-50.78,-67.09,-68.38,-56.05,-65.71,-45.84,-47.33,-48.61,-55.60,-41.54,-60.61,-55.98,-59.19,-62.16,-53.20,-48.57,-58.72,2025-10-21 10:30:01+00:00
2025-10-21T10:31:02+00:00,-51.61,-67.16,-68.96,-56.05,-66.09,-45.77,-47.37,-48.61,-55.81,-41.65,-60.84,-55.87,-59.02,-61.83,-52.96,-48.17,-55.53,2025-10-21 10:31:02+00:00
2025-10-21T10:33:02+00:00,-53.04,-66.60,-65.20,-54.85,-66.07,-45.78,-47.45,-48.88,-52.12,-41.51,-60.66,-55.92,-59.05,-60.87,-53.11,-47.41,-58.53,2025-10-21 10:33:02+00:00
2025-10-21T10:34:01+00:00,-50.57,-67.06,-68.35,-55.57,-65.86,-45.93,-47.30,-49.02,-52.03,-41.50,-60.47,-56.12,-59.04,-61.31,-53.14,-47.42,-58.55,2025-10-21 10:34:01+00:00
2025-10-21T10:36:01+00:00,-49.85,-66.66,-62.48,-56.30,-66.33,-46.18,-47.23,-48.97,-52.14,-41.55,-61.13,-55.75,-58.78,-62.93,-52.75,-46.95,-58.16,2025-10-21 10:36:01+00:00
2025-10-21T10:37:01+00:00,-48.39,-67.26,-62.19,-51.90,-66.65,-46.27,-47.22,-49.24,-52.21,-41.47,-60.95,-56.06,-58.88,-61.08,-53.06,-47.31,-57.89,2025-10-21 10:37:01+00:00
2025-10-21T10:39:01+00:00,-47.49,-66.19,-61.84,-52.01,-67.01,-46.13,-47.45,-49.16,-51.35,-41.60,-60.75,-55.90,-58.81,-61.07,-52.61,-47.30,-58.69,2025-10-21 10:39:01+00:00
2025-10-21T10:40:01+00:00,-47.54,-67.23,-63.88,-51.84,-66.86,-46.11,-47.57,-49.09,-51.37,-41.45,-60.90,-55.92,-57.61,-61.62,-52.88,-47.61,-58.70,2025-10-21 10:40:01+00:00
2025-10-21T10:42:01+00:00,-47.90,-67.28,-66.33,-51.80,-65.74,-46.19,-47.47,-49.03,-51.50,-41.34,-60.99,-56.03,-59.23,-61.65,-52.74,-47.52,-58.31,2025-10-21 10:42:01+00:00
2025-10-21T10:43:02+00:00,-47.83,-66.68,-66.19,-51.96,-65.64,-46.26,-47.51,-48.93,-51.23,-41.46,-58.84,-55.83,-59.07,-61.51,-53.10,-47.23,-58.29,2025-10-21 10:43:02+00:00
2025-10-21T10:45:01+00:00,-47.58,-66.17,-66.49,-51.97,-66.26,-46.40,-47.47,-48.83,-51.31,-41.54,-56.17,-55.98,-59.06,-62.31,-52.50,-47.28,-58.50,2025-10-21 10:45:01+00:00
2025-10-21T10:46:01+00:00,-48.08,-66.25,-64.97,-51.76,-66.04,-46.27,-47.31,-48.92,-51.41,-41.33,-56.01,-55.88,-59.15,-62.46,-52.79,-47.42,-58.83,2025-10-21 10:46:01+00:00
2025-10-21T10:48:02+00:00,-47.95,-66.39,-66.48,-51.80,-65.62,-44.08,-47.39,-48.88,-51.70,-41.39,-56.67,-56.15,-59.13,-62.33,-53.01,-47.00,-57.26,2025-10-21 10:48:02+00:00
2025-10-21T10:49:01+00:00,-47.07,-67.30,-64.15,-51.76,-64.73,-44.70,-47.51,-48.87,-51.58,-41.43,-56.53,-56.09,-59.17,-62.58,-52.79,-47.43,-57.21,2025-10-21 10:49:01+00:00
2025-10-21T10:51:01+00:00,-46.06,-67.44,-66.47,-52.11,-66.24,-44.54,-47.37,-48.77,-51.56,-41.39,-56.04,-56.06,-59.27,-62.66,-52.76,-47.86,-57.63,2025-10-21 10:51:01+00:00
2025-10-21T10:52:01+00:00,-46.20,-67.77,-66.41,-51.86,-64.66,-44.64,-47.30,-48.81,-51.63,-41.50,-56.11,-56.10,-59.11,-62.65,-52.77,-48.28,-58.87,2025-10-21 10:52:01+00:00
2025-10-21T10:54:01+00:00,-46.71,-67.26,-66.53,-52.09,-65.82,-45.01,-47.45,-48.98,-51.67,-41.47,-55.74,-56.11,-59.09,-62.71,-52.80,-48.47,-58.88,2025-10-21 10:54:01+00:00
2025-10-21T10:55:01+00:00,-46.90,-67.07,-66.57,-53.26,-66.36,-48.33,-47.32,-49.00,-50.82,-41.58,-55.90,-55.99,-59.05,-62.97,-47.40,-48.82,-57.90,2025-10-21 10:55:01+00:00
2025-10-21T10:57:01+00:00,-47.94,-65.91,-66.49,-53.12,-65.98,-48.11,-47.45,-48.93,-50.77,-41.65,-55.84,-56.19,-59.25,-62.72,-47.95,-49.28,-58.17,2025-10-21 10:57:01+00:00
2025-10-21T10:58:01+00:00,-47.93,-66.57,-66.41,-53.28,-66.82,-48.38,-47.38,-48.93,-50.75,-41.45,-55.79,-55.98,-59.09,-62.71,-48.37,-49.13,-57.94,2025-10-21 10:58:01+00:00
2025-10-21T11:00:01+00:00,-48.38,-64.03,-66.55,-52.88,-65.89,-46.88,-47.25,-48.89,-51.94,-41.40,-55.60,-56.23,-59.05,-62.84,-48.61,-48.91,-57.87,2025-10-21 11:00:01+00:00
2025-10-21T11:01:01+00:00,-48.52,-64.29,-66.54,-51.71,-65.60,-44.66,-47.36,-48.94,-51.92,-41.36,-59.47,-56.12,-59.13,-62.79,-52.53,-49.20,-58.63,2025-10-21 11:01:01+00:00
2025-10-21T11:03:01+00:00,-43.59,-63.83,-66.41,-51.24,-65.53,-44.82,-47.29,-48.82,-55.30,-41.36,-60.44,-56.16,-59.10,-62.29,-52.95,-50.28,-56.29,2025-10-21 11:03:01+00:00
2025-10-21T11:04:01+00:00,-43.02,-64.20,-66.40,-50.97,-65.70,-44.65,-47.48,-48.79,-55.39,-41.51,-60.14,-56.16,-58.92,-62.31,-52.52,-50.47,-57.11,2025-10-21 11:04:01+00:00
2025-10-21T11:06:01+00:00,-43.09,-64.95,-66.59,-51.33,-66.54,-44.44,-47.56,-48.80,-55.27,-41.45,-60.29,-56.23,-59.08,-62.03,-52.12,-50.66,-57.19,2025-10-21 11:06:01+00:00
2025-10-21T11:07:02+00:00,-46.88,-64.58,-66.77,-51.25,-65.86,-44.47,-47.48,-48.83,-55.47,-41.34,-60.45,-56.17,-59.11,-62.30,-52.69,-51.07,-58.71,2025-10-21 11:07:02+00:00
2025-10-21T11:09:01+00:00,-49.27,-64.86,-68.97,-56.42,-65.53,-44.39,-47.64,-49.11,-57.62,-41.39,-61.17,-56.20,-59.22,-64.02,-52.69,-50.38,-59.17,2025-10-21 11:09:01+00:00
2025-10-21T11:10:02+00:00,-49.22,-65.33,-69.50,-56.75,-66.16,-44.34,-47.91,-49.05,-57.74,-41.36,-61.35,-56.15,-59.25,-64.28,-52.62,-50.42,-59.85,2025-10-21 11:10:02+00:00
2025-10-21T11:12:01+00:00,-50.08,-65.05,-69.20,-56.63,-65.80,-45.84,-47.80,-49.12,-56.54,-41.41,-61.18,-56.30,-59.13,-64.19,-53.19,-51.12,-56.97,2025-10-21 11:12:01+00:00
2025-10-21T11:13:01+00:00,-50.70,-64.16,-69.80,-56.31,-66.63,-45.87,-47.75,-49.10,-56.50,-41.48,-60.11,-56.39,-59.27,-64.13,-51.63,-51.54,-58.57,2025-10-21 11:13:01+00:00
2025-10-21T11:15:02+00:00,-48.52,-64.69,-68.23,-58.24,-65.49,-52.69,-47.61,-49.10,-56.20,-41.60,-60.90,-56.21,-59.10,-64.05,-46.97,-51.06,-57.90,2025-10-21 11:15:02+00:00
2025-10-21T11:16:01+00:00,-49.18,-65.46,-68.73,-58.56,-66.63,-52.45,-47.47,-48.90,-56.57,-41.58,-61.07,-56.30,-59.04,-64.41,-46.84,-50.90,-58.16,2025-10-21 11:16:01+00:00
2025-10-21T11:18:01+00:00,-48.87,-64.41,-69.48,-59.92,-65.85,-52.47,-47.93,-48.97,-56.57,-41.63,-61.05,-56.30,-59.10,-64.22,-48.59,-51.69,-58.09,2025-10-21 11:18:01+00:00
2025-10-21T11:19:01+00:00,-49.94,-64.67,-68.87,-59.97,-66.46,-52.37,-47.70,-48.89,-56.20,-41.60,-60.91,-56.23,-59.19,-64.18,-49.08,-51.85,-58.06,2025-10-21 11:19:01+00:00
2025-10-21T11:21:01+00:00,-50.96,-64.60,-68.91,-54.89,-65.76,-46.58,-47.44,-48.91,-56.58,-41.81,-60.57,-56.26,-59.05,-63.84,-51.66,-51.52,-58.12,2025-10-21 11:21:01+00:00
2025-10-21T11:22:01+00:00,-49.95,-64.60,-68.66,-55.71,-64.74,-48.33,-47.37,-48.97,-56.51,-41.57,-61.07,-56.35,-59.05,-63.86,-52.20,-51.53,-58.07,2025-10-21 11:22:01+00:00
2025-10-21T11:24:01+00:00,-49.22,-64.29,-67.51,-54.32,-66.69,-46.39,-47.46,-48.83,-56.55,-41.70,-60.74,-56.27,-59.09,-60.27,-51.28,-51.17,-58.54,2025-10-21 11:24:01+00:00
2025-10-21T11:26:01+00:00,-50.71,-64.14,-67.82,-53.08,-65.01,-46.48,-47.57,-48.81,-60.06,-41.65,-59.58,-56.32,-58.93,-62.53,-52.29,-51.74,-57.89,2025-10-21 11:26:01+00:00
2025-10-21T11:27:01+00:00,-50.30,-64.33,-67.59,-53.85,-65.77,-46.26,-47.38,-48.70,-59.89,-41.63,-60.61,-56.38,-59.23,-63.15,-52.60,-52.06,-58.14,2025-10-21 11:27:01+00:00
2025-10-21T11:29:01+00:00,-48.99,-65.49,-68.02,-53.60,-65.57,-46.20,-47.51,-48.91,-56.49,-41.69,-60.45,-56.38,-59.20,-63.18,-52.24,-52.25,-57.99,2025-10-21 11:29:01+00:00
2025-10-21T11:30:01+00:00,-48.21,-64.03,-67.04,-53.14,-65.53,-46.29,-47.47,-48.98,-55.58,-41.75,-59.63,-56.38,-59.03,-62.82,-51.88,-52.31,-57.95,2025-10-21 11:30:01+00:00
2025-10-21T11:32:01+00:00,-47.30,-64.07,-66.86,-51.92,-65.35,-46.51,-47.69,-49.02,-52.08,-41.75,-56.30,-56.34,-59.15,-60.60,-52.79,-52.59,-57.57,2025-10-21 11:32:01+00:00
2025-10-21T11:33:01+00:00,-48.05,-63.75,-66.95,-53.21,-64.19,-46.62,-47.52,-49.09,-52.20,-41.84,-56.08,-56.38,-59.17,-59.98,-52.67,-51.74,-57.06,2025-10-21 11:33:01+00:00
2025-10-21T11:35:01+00:00,-49.16,-63.67,-67.56,-54.70,-66.63,-46.44,-47.44,-49.09,-52.19,-41.83,-56.07,-56.38,-59.10,-62.96,-52.00,-51.26,-57.77,2025-10-21 11:35:01+00:00
2025-10-21T11:36:01+00:00,-48.70,-64.21,-66.88,-53.90,-66.17,-46.66,-47.38,-48.98,-52.17,-42.08,-56.13,-56.46,-59.34,-62.81,-52.38,-51.53,-57.27,2025-10-21 11:36:01+00:00
2025-10-21T11:38:02+00:00,-48.87,-64.69,-66.63,-51.23,-66.05,-46.25,-47.42,-48.95,-52.22,-42.07,-55.13,-56.42,-58.96,-62.43,-52.34,-51.91,-57.87,2025-10-21 11:38:02+00:00
2025-10-21T11:39:01+00:00,-47.22,-63.98,-66.71,-51.15,-65.91,-46.14,-47.43,-48.84,-51.48,-42.05,-59.83,-56.26,-59.18,-62.15,-51.85,-50.66,-58.73,2025-10-21 11:39:01+00:00
2025-10-21T11:41:01+00:00,-46.48,-64.85,-66.87,-51.19,-66.38,-44.89,-47.58,-48.90,-51.78,-41.95,-60.11,-56.33,-59.47,-62.46,-52.86,-51.12,-56.57,2025-10-21 11:41:01+00:00
2025-10-21T11:42:01+00:00,-47.62,-65.46,-67.19,-51.38,-65.23,-42.45,-47.69,-48.94,-51.78,-41.89,-60.13,-56.33,-59.25,-62.48,-52.68,-51.39,-58.53,2025-10-21 11:42:01+00:00
2025-10-21T11:44:01+00:00,-48.00,-64.53,-66.13,-51.33,-65.69,-42.21,-47.45,-48.76,-51.78,-41.84,-59.86,-56.43,-58.87,-62.39,-53.15,-51.25,-58.12,2025-10-21 11:44:01+00:00
2025-10-21T11:45:01+00:00,-47.74,-64.58,-66.89,-51.17,-66.22,-42.42,-47.52,-48.74,-51.72,-41.76,-59.89,-56.38,-59.14,-62.72,-52.02,-51.18,-58.43,2025-10-21 11:45:01+00:00
2025-10-21T11:47:01+00:00,-48.05,-64.84,-68.16,-57.87,-65.87,-44.06,-47.99,-48.70,-51.70,-41.81,-59.65,-56.78,-59.04,-64.25,-49.85,-50.50,-58.28,2025-10-21 11:47:01+00:00
2025-10-21T11:48:02+00:00,-47.34,-64.82,-67.92,-57.85,-64.31,-44.19,-47.55,-48.80,-51.65,-41.88,-60.10,-56.48,-59.12,-64.10,-50.24,-51.54,-58.03,2025-10-21 11:48:02+00:00
2025-10-21T11:50:01+00:00,-48.00,-64.62,-68.24,-59.46,-66.31,-44.07,-47.42,-48.85,-51.56,-41.80,-58.68,-56.56,-59.16,-64.66,-49.17,-50.78,-57.94,2025-10-21 11:50:01+00:00
2025-10-21T11:51:02+00:00,-47.87,-63.97,-68.49,-55.65,-65.89,-42.34,-47.19,-48.83,-51.50,-41.86,-59.08,-56.72,-59.09,-64.25,-52.44,-50.39,-58.39,2025-10-21 11:51:02+00:00
2025-10-21T11:53:01+00:00,-48.03,-64.05,-67.96,-56.49,-66.34,-42.52,-47.47,-48.89,-51.54,-41.99,-59.40,-56.44,-59.14,-63.82,-52.56,-49.79,-58.47,2025-10-21 11:53:01+00:00
2025-10-21T11:54:01+00:00,-47.70,-63.33,-66.73,-56.01,-67.04,-42.79,-47.51,-48.95,-51.01,-41.92,-58.86,-56.43,-59.27,-63.82,-52.87,-49.75,-58.23,2025-10-21 11:54:01+00:00
2025-10-21T11:56:01+00:00,-47.77,-64.59,-68.86,-55.29,-66.23,-42.65,-47.62,-49.03,-50.77,-41.82,-58.53,-56.49,-59.08,-64.30,-52.82,-49.28,-58.55,2025-10-21 11:56:01+00:00
2025-10-21T11:58:01+00:00,-47.20,-63.36,-68.42,-55.52,-65.99,-42.66,-47.52,-49.03,-50.80,-41.96,-58.77,-56.63,-59.36,-64.29,-53.43,-49.71,-57.83,2025-10-21 11:58:01+00:00
2025-10-21T11:59:01+00:00,-47.89,-65.68,-68.99,-56.07,-66.15,-46.27,-47.75,-49.04,-51.82,-41.87,-58.85,-56.52,-59.38,-64.60,-53.27,-49.57,-58.73,2025-10-21 11:59:01+00:00
2025-10-21T12:01:02+00:00,-47.01,-65.07,-68.97,-55.28,-66.71,-46.44,-47.72,-49.10,-53.99,-41.76,-59.01,-56.53,-59.43,-63.91,-52.62,-49.66,-59.07,2025-10-21 12:01:02+00:00
2025-10-21T12:02:01+00:00,-46.95,-62.98,-65.73,-54.94,-65.82,-45.96,-47.43,-49.10,-54.40,-41.85,-57.98,-56.57,-58.90,-62.80,-53.36,-49.84,-55.67,2025-10-21 12:02:01+00:00
2025-10-21T12:04:01+00:00,-48.53,-64.03,-68.51,-56.51,-66.03,-46.34,-48.10,-49.13,-54.98,-41.86,-59.25,-56.63,-59.28,-64.34,-52.82,-48.98,-57.47,2025-10-21 12:04:01+00:00
2025-10-21T12:05:01+00:00,-48.52,-64.84,-68.90,-56.61,-66.45,-46.07,-48.19,-49.16,-54.96,-41.72,-58.83,-56.72,-59.34,-63.46,-53.63,-48.88,-59.52,2025-10-21 12:05:01+00:00
2025-10-21T12:07:01+00:00,-47.73,-64.05,-68.94,-57.09,-66.17,-46.27,-47.84,-49.25,-54.85,-41.73,-59.07,-56.61,-59.56,-64.62,-53.22,-48.30,-58.30,2025-10-21 12:07:01+00:00
2025-10-21T12:08:02+00:00,-48.02,-62.61,-67.57,-56.67,-65.84,-46.30,-47.96,-49.14,-54.72,-41.69,-57.73,-56.69,-58.95,-64.14,-53.20,-48.05,-56.53,2025-10-21 12:08:02+00:00
2025-10-21T12:10:01+00:00,-50.01,-64.78,-68.74,-58.10,-65.70,-52.45,-47.78,-49.23,-56.48,-41.84,-58.47,-56.81,-59.16,-64.37,-51.08,-47.71,-58.61,2025-10-21 12:10:01+00:00
2025-10-21T12:11:01+00:00,-50.89,-64.00,-68.29,-60.35,-65.74,-52.45,-47.72,-49.17,-56.60,-41.79,-58.70,-56.80,-59.21,-64.05,-51.04,-48.18,-58.04,2025-10-21 12:11:01+00:00
2025-10-21T12:13:02+00:00,-49.92,-63.24,-68.58,-60.59,-66.53,-52.53,-47.72,-49.17,-56.09,-41.85,-58.52,-56.95,-59.43,-64.35,-50.50,-47.87,-58.10,2025-10-21 12:13:02+00:00
2025-10-21T12:14:01+00:00,-50.19,-66.04,-69.54,-60.91,-65.95,-52.42,-47.81,-49.11,-56.11,-41.85,-58.28,-56.99,-59.24,-64.47,-50.88,-47.96,-58.52,2025-10-21 12:14:01+00:00
2025-10-21T12:16:01+00:00,-49.95,-65.05,-68.58,-56.02,-65.63,-46.15,-47.77,-49.43,-55.69,-41.96,-58.40,-56.77,-59.21,-63.90,-52.85,-48.18,-58.40,2025-10-21 12:16:01+00:00
2025-10-21T12:17:01+00:00,-49.22,-64.97,-68.46,-56.32,-65.69,-45.90,-47.83,-49.25,-55.74,-41.96,-57.99,-56.91,-59.22,-64.40,-52.72,-47.81,-58.82,2025-10-21 12:17:01+00:00
2025-10-21T12:19:01+00:00,-50.26,-65.88,-67.57,-55.34,-66.83,-46.11,-47.44,-49.20,-55.77,-41.94,-58.70,-56.88,-59.56,-59.72,-52.99,-46.79,-59.22,2025-10-21 12:19:01+00:00
2025-10-21T12:20:01+00:00,-49.26,-64.73,-67.09,-55.35,-66.34,-46.03,-47.48,-49.10,-56.23,-41.93,-58.78,-56.74,-59.39,-59.38,-52.83,-46.74,-58.38,2025-10-21 12:20:01+00:00
2025-10-21T12:22:01+00:00,-50.60,-65.22,-67.72,-54.91,-65.62,-46.18,-47.43,-49.06,-56.16,-41.84,-58.68,-56.71,-59.07,-59.71,-52.98,-46.50,-58.83,2025-10-21 12:22:01+00:00
2025-10-21T12:23:02+00:00,-50.01,-63.87,-66.64,-53.38,-64.38,-46.26,-47.36,-48.90,-55.93,-41.95,-58.48,-56.73,-59.28,-60.36,-52.52,-45.94,-57.79,2025-10-21 12:23:02+00:00
2025-10-21T12:25:01+00:00,-48.88,-64.91,-67.14,-53.29,-64.74,-46.09,-47.44,-49.05,-60.04,-41.79,-58.57,-56.90,-59.26,-60.60,-52.55,-45.67,-57.98,2025-10-21 12:25:01+00:00
2025-10-21T12:26:02+00:00,-50.30,-64.55,-67.30,-53.35,-63.23,-46.03,-47.43,-49.08,-60.35,-41.74,-58.54,-56.99,-59.37,-60.43,-52.85,-45.14,-58.73,2025-10-21 12:26:02+00:00
2025-10-21T12:28:01+00:00,-48.88,-65.56,-67.05,-53.58,-64.20,-44.30,-47.52,-49.07,-60.62,-41.76,-58.70,-57.09,-59.35,-60.53,-52.09,-44.96,-58.58,2025-10-21 12:28:01+00:00
2025-10-21T12:29:01+00:00,-51.60,-65.25,-68.36,-61.07,-65.61,-49.75,-47.87,-49.09,-55.79,-41.70,-58.40,-57.09,-59.37,-64.41,-49.69,-45.16,-58.45,2025-10-21 12:29:01+00:00
2025-10-21T12:31:01+00:00,-51.05,-64.72,-68.69,-60.70,-62.53,-49.52,-48.03,-49.21,-52.02,-41.68,-58.79,-57.20,-58.27,-64.49,-49.52,-44.83,-57.74,2025-10-21 12:31:01+00:00
2025-10-21T12:32:01+00:00,-51.37,-64.32,-68.18,-59.99,-63.25,-49.72,-48.07,-49.23,-52.12,-41.40,-58.57,-57.04,-58.60,-63.67,-50.56,-44.97,-57.89,2025-10-21 12:32:01+00:00
2025-10-21T12:34:01+00:00,-51.30,-63.45,-67.74,-55.10,-65.56,-45.38,-47.57,-49.23,-52.07,-41.57,-55.21,-56.96,-59.42,-62.36,-52.77,-44.78,-57.41,2025-10-21 12:34:01+00:00
2025-10-21T12:35:01+00:00,-50.50,-63.68,-68.25,-56.04,-65.66,-45.52,-47.75,-49.24,-52.05,-41.60,-55.21,-57.07,-59.28,-63.21,-52.89,-45.13,-57.53,2025-10-21 12:35:01+00:00
2025-10-21T12:37:01+00:00,-48.81,-63.14,-68.28,-55.56,-65.65,-45.38,-47.63,-49.57,-52.20,-41.55,-54.73,-57.10,-59.33,-60.93,-52.77,-44.63,-57.82,2025-10-21 12:37:01+00:00
2025-10-21T12:38:02+00:00,-49.66,-63.31,-67.22,-55.62,-64.80,-45.40,-47.71,-49.92,-52.30,-41.51,-54.98,-57.11,-59.41,-60.82,-53.19,-44.89,-56.76,2025-10-21 12:38:02+00:00
2025-10-21T12:40:01+00:00,-47.49,-63.87,-66.78,-51.61,-66.17,-45.25,-47.88,-50.57,-51.52,-41.49,-55.14,-57.23,-59.35,-61.33,-53.56,-44.91,-58.06,2025-10-21 12:40:01+00:00
2025-10-21T12:41:02+00:00,-48.16,-64.20,-66.86,-52.61,-66.18,-45.27,-47.96,-52.15,-51.56,-41.28,-55.16,-57.16,-59.35,-62.15,-53.24,-44.87,-58.81,2025-10-21 12:41:02+00:00
2025-10-21T12:43:01+00:00,-46.99,-62.67,-66.44,-55.60,-65.72,-45.35,-47.89,-52.07,-51.60,-41.36,-57.87,-57.03,-59.10,-63.32,-53.34,-45.10,-55.85,2025-10-21 12:43:01+00:00
2025-10-21T12:44:01+00:00,-47.29,-63.17,-68.98,-55.46,-65.29,-45.19,-47.55,-51.39,-51.89,-41.17,-57.90,-57.22,-59.48,-62.92,-53.13,-44.98,-58.97,2025-10-21 12:44:01+00:00
2025-10-21T12:46:01+00:00,-46.86,-63.71,-68.15,-55.58,-65.82,-45.37,-47.68,-49.76,-51.70,-41.30,-57.85,-57.09,-59.38,-61.79,-52.91,-44.55,-57.81,2025-10-21 12:46:01+00:00
2025-10-21T12:47:01+00:00,-47.75,-64.06,-68.81,-55.75,-66.06,-45.33,-47.67,-49.52,-51.72,-41.30,-57.85,-57.13,-59.45,-62.11,-53.04,-44.65,-58.73,2025-10-21 12:47:01+00:00
2025-10-21T12:49:01+00:00,-47.68,-64.74,-66.62,-56.10,-66.14,-45.31,-47.96,-49.18,-51.67,-41.25,-56.69,-56.75,-59.24,-64.10,-52.80,-44.57,-58.62,2025-10-21 12:49:01+00:00
2025-10-21T12:50:01+00:00,-48.07,-64.54,-66.34,-59.62,-66.54,-49.76,-47.78,-49.41,-51.53,-41.25,-56.94,-56.83,-58.83,-64.04,-49.96,-44.73,-57.43,2025-10-21 12:50:01+00:00
2025-10-21T12:52:01+00:00,-48.24,-63.64,-67.11,-59.44,-65.17,-53.10,-47.87,-51.61,-51.66,-41.35,-46.96,-57.35,-59.35,-62.48,-51.16,-44.99,-53.73,2025-10-21 12:52:01+00:00
2025-10-21T12:53:01+00:00,-48.15,-64.56,-67.24,-56.99,-65.20,-52.91,-47.74,-51.51,-51.69,-41.42,-57.05,-57.33,-59.37,-60.94,-49.38,-44.87,-58.57,2025-10-21 12:53:01+00:00
2025-10-21T12:55:01+00:00,-48.05,-64.59,-67.85,-58.95,-65.39,-52.89,-48.03,-52.35,-50.86,-41.34,-57.33,-57.32,-59.30,-62.89,-51.21,-45.21,-56.31,2025-10-21 12:55:01+00:00
2025-10-21T12:56:02+00:00,-48.42,-63.93,-66.02,-52.78,-65.29,-46.41,-48.06,-52.35,-50.83,-41.43,-57.57,-57.43,-59.41,-61.39,-52.90,-45.35,-58.26,2025-10-21 12:56:02+00:00
2025-10-21T12:58:01+00:00,-48.14,-62.89,-65.45,-53.25,-65.59,-46.41,-47.85,-51.46,-50.73,-41.35,-57.14,-57.12,-59.37,-61.26,-52.64,-45.23,-57.99,2025-10-21 12:58:01+00:00
2025-10-21T12:59:02+00:00,-47.67,-63.56,-66.12,-53.25,-66.12,-46.42,-48.12,-50.77,-52.10,-41.23,-56.25,-57.37,-59.46,-61.27,-52.64,-45.07,-58.46,2025-10-21 12:59:02+00:00
2025-10-21T13:01:01+00:00,-47.53,-64.95,-64.69,-52.80,-65.30,-46.24,-47.94,-50.05,-55.16,-41.21,-56.74,-56.78,-59.49,-60.87,-52.08,-45.19,-58.87,2025-10-21 13:01:01+00:00
2025-10-21T13:02:01+00:00,-47.35,-64.87,-65.03,-52.96,-66.14,-45.81,-47.48,-49.77,-55.14,-41.24,-57.00,-57.26,-59.21,-60.94,-52.54,-45.03,-58.59,2025-10-21 13:02:01+00:00
2025-10-21T13:04:02+00:00,-47.63,-64.20,-64.61,-52.95,-65.66,-45.70,-47.92,-49.27,-55.37,-41.19,-49.86,-57.05,-59.17,-61.05,-52.31,-45.08,-53.78,2025-10-21 13:04:02+00:00
2025-10-21T13:05:01+00:00,-46.70,-64.73,-64.78,-52.78,-64.31,-45.93,-47.97,-49.27,-55.28,-41.07,-56.19,-56.90,-59.34,-61.05,-51.99,-45.30,-57.44,2025-10-21 13:05:01+00:00
2025-10-21T13:07:01+00:00,-47.68,-64.92,-64.95,-52.59,-65.72,-45.77,-47.74,-49.21,-55.53,-41.17,-54.78,-56.95,-59.72,-62.13,-51.98,-45.37,-53.98,2025-10-21 13:07:01+00:00
2025-10-21T13:08:01+00:00,-47.54,-64.85,-66.66,-55.77,-66.03,-45.85,-48.21,-48.66,-55.36,-41.02,-54.53,-56.98,-59.40,-63.72,-52.18,-45.07,-53.76,2025-10-21 13:08:01+00:00
2025-10-21T13:10:01+00:00,-50.51,-64.41,-65.58,-55.81,-66.09,-45.80,-47.89,-48.80,-57.11,-41.10,-54.55,-56.48,-59.53,-63.72,-52.37,-45.00,-52.95,2025-10-21 13:10:01+00:00
2025-10-21T13:11:02+00:00,-49.18,-64.32,-65.52,-60.35,-66.12,-53.07,-48.04,-48.82,-56.92,-40.90,-54.54,-56.85,-59.45,-64.23,-51.51,-44.73,-53.67,2025-10-21 13:11:02+00:00
2025-10-21T13:13:01+00:00,-48.47,-64.32,-66.06,-60.55,-65.98,-53.21,-48.24,-49.16,-56.18,-41.10,-54.42,-56.88,-59.62,-64.46,-51.80,-44.81,-53.76,2025-10-21 13:13:01+00:00
2025-10-21T13:14:02+00:00,-49.63,-64.74,-67.23,-60.75,-65.63,-53.14,-48.03,-49.16,-56.07,-41.09,-54.93,-57.35,-59.66,-63.98,-51.87,-44.82,-53.84,2025-10-21 13:14:02+00:00
2025-10-21T13:16:01+00:00,-50.25,-64.42,-65.98,-60.47,-66.81,-52.93,-48.21,-49.18,-55.88,-41.28,-56.99,-56.95,-59.66,-63.99,-51.83,-45.14,-53.62,2025-10-21 13:16:01+00:00
2025-10-21T13:17:01+00:00,-49.47,-64.37,-65.94,-55.42,-65.75,-46.06,-48.09,-49.23,-55.86,-41.16,-56.77,-57.05,-59.75,-64.26,-53.55,-45.06,-52.80,2025-10-21 13:17:01+00:00
2025-10-21T13:19:01+00:00,-51.00,-64.97,-65.78,-55.93,-65.65,-46.09,-48.06,-49.17,-56.05,-41.22,-56.77,-57.27,-59.72,-63.23,-53.47,-45.01,-53.96,2025-10-21 13:19:01+00:00
2025-10-21T13:20:01+00:00,-51.10,-64.28,-64.70,-55.63,-66.32,-45.35,-48.11,-49.07,-56.39,-41.21,-57.00,-55.69,-59.74,-64.43,-53.37,-45.05,-53.90,2025-10-21 13:20:01+00:00
2025-10-21T13:22:01+00:00,-51.32,-63.80,-65.23,-55.91,-64.47,-45.09,-48.03,-48.91,-56.25,-41.19,-56.86,-56.83,-59.66,-63.91,-53.61,-44.51,-53.84,2025-10-21 13:22:01+00:00
2025-10-21T13:23:01+00:00,-50.62,-62.63,-65.07,-56.17,-66.12,-45.11,-48.06,-49.03,-56.13,-41.21,-56.78,-56.60,-59.85,-63.68,-53.54,-44.60,-53.55,2025-10-21 13:23:01+00:00
2025-10-21T13:25:01+00:00,-50.04,-63.76,-64.83,-55.72,-64.56,-45.47,-48.26,-49.03,-60.23,-41.21,-56.49,-56.61,-59.70,-63.72,-53.75,-44.48,-53.63,2025-10-21 13:25:01+00:00
2025-10-21T13:26:01+00:00,-50.30,-61.27,-65.84,-55.40,-65.75,-45.16,-48.05,-49.28,-60.26,-41.27,-56.82,-56.78,-60.05,-64.25,-54.19,-44.33,-53.77,2025-10-21 13:26:01+00:00
2025-10-21T13:28:01+00:00,-50.50,-64.85,-65.33,-55.34,-66.09,-45.06,-48.01,-49.33,-60.27,-41.39,-56.58,-57.17,-60.08,-62.67,-54.08,-44.53,-53.56,2025-10-21 13:28:01+00:00
2025-10-21T13:29:02+00:00,-50.18,-63.73,-66.58,-55.75,-65.83,-45.09,-48.14,-49.27,-55.57,-41.51,-56.63,-57.75,-59.98,-62.79,-54.18,-44.38,-53.93,2025-10-21 13:29:02+00:00
2025-10-21T13:31:01+00:00,-48.79,-60.56,-65.42,-59.43,-66.39,-50.12,-48.00,-49.28,-52.21,-41.63,-56.38,-57.18,-60.11,-63.16,-52.30,-44.62,-53.76,2025-10-21 13:31:01+00:00
2025-10-21T13:32:01+00:00,-50.02,-64.75,-65.64,-59.34,-65.59,-50.28,-48.07,-49.28,-52.34,-41.69,-56.74,-57.19,-59.92,-63.19,-53.10,-44.67,-53.79,2025-10-21 13:32:01+00:00
2025-10-21T13:34:02+00:00,-50.09,-64.66,-65.55,-59.12,-65.69,-50.17,-48.13,-49.44,-52.29,-41.71,-56.95,-57.33,-59.90,-62.77,-52.70,-43.98,-53.71,2025-10-21 13:34:02+00:00
2025-10-21T13:35:01+00:00,-49.84,-63.64,-66.06,-54.64,-66.85,-45.23,-48.00,-49.52,-52.40,-41.67,-56.75,-57.85,-60.00,-61.83,-54.43,-43.84,-53.55,2025-10-21 13:35:01+00:00
2025-10-21T13:37:01+00:00,-49.61,-60.90,-65.48,-55.18,-66.23,-45.11,-48.20,-49.65,-52.36,-41.61,-56.54,-57.24,-60.16,-61.38,-54.92,-44.64,-53.48,2025-10-21 13:37:01+00:00
2025-10-21T13:38:01+00:00,-50.63,-60.91,-63.69,-55.02,-65.56,-45.01,-48.00,-49.68,-52.29,-41.70,-56.47,-57.45,-60.07,-62.43,-54.46,-44.63,-53.60,2025-10-21 13:38:01+00:00
2025-10-21T13:40:01+00:00,-48.21,-64.70,-65.16,-55.11,-66.78,-45.06,-48.37,-49.88,-51.57,-41.76,-56.46,-57.24,-60.24,-61.64,-54.90,-44.24,-53.79,2025-10-21 13:40:01+00:00
2025-10-21T13:41:01+00:00,-47.83,-64.17,-64.95,-55.52,-65.99,-45.03,-48.31,-50.03,-51.63,-41.69,-54.61,-56.88,-59.51,-63.92,-54.00,-44.37,-53.62,2025-10-21 13:41:01+00:00
2025-10-21T13:43:01+00:00,-48.04,-63.61,-65.59,-55.86,-66.11,-46.11,-48.41,-50.61,-51.61,-41.73,-54.77,-56.93,-60.40,-64.26,-54.17,-44.18,-53.60,2025-10-21 13:43:01+00:00
2025-10-21T13:44:02+00:00,-48.21,-62.60,-67.06,-56.07,-66.35,-46.12,-48.40,-50.76,-51.76,-41.73,-54.88,-57.83,-60.32,-64.48,-53.69,-44.31,-53.59,2025-10-21 13:44:02+00:00
2025-10-21T13:46:01+00:00,-47.66,-61.38,-67.45,-60.57,-65.63,-53.33,-48.60,-51.64,-51.85,-41.67,-54.75,-58.08,-60.30,-64.87,-52.33,-44.08,-53.55,2025-10-21 13:46:01+00:00
2025-10-21T13:47:01+00:00,-47.61,-64.69,-67.47,-60.02,-65.68,-53.26,-48.50,-51.21,-51.72,-41.81,-54.93,-58.03,-60.58,-64.85,-52.25,-44.00,-53.85,2025-10-21 13:47:01+00:00
2025-10-21T13:49:02+00:00,-47.48,-62.52,-66.70,-60.14,-66.75,-53.24,-48.30,-51.09,-51.84,-41.88,-54.04,-57.76,-60.68,-64.60,-52.03,-43.86,-53.83,2025-10-21 13:49:02+00:00
2025-10-21T13:50:01+00:00,-47.22,-64.33,-67.60,-59.97,-67.03,-53.11,-48.31,-51.46,-51.57,-41.89,-54.36,-58.24,-60.79,-64.71,-51.62,-43.95,-53.74,2025-10-21 13:50:01+00:00
2025-10-21T13:52:01+00:00,-47.49,-61.58,-67.58,-55.49,-65.73,-46.06,-48.40,-52.05,-51.63,-41.95,-54.19,-58.20,-60.57,-64.76,-53.13,-43.92,-53.91,2025-10-21 13:52:01+00:00
2025-10-21T13:53:01+00:00,-47.36,-64.52,-66.74,-55.05,-65.71,-46.25,-48.09,-52.00,-51.46,-42.05,-54.30,-58.17,-60.39,-64.47,-53.08,-44.27,-53.74,2025-10-21 13:53:01+00:00
2025-10-21T13:55:01+00:00,-47.22,-64.48,-67.17,-55.03,-65.64,-46.00,-48.57,-50.60,-50.71,-41.97,-54.15,-58.31,-60.55,-64.55,-52.43,-44.63,-53.54,2025-10-21 13:55:01+00:00
2025-10-21T13:56:01+00:00,-47.08,-64.07,-68.07,-54.76,-63.88,-45.70,-48.31,-49.92,-50.60,-42.12,-54.00,-58.53,-60.55,-64.42,-53.06,-44.76,-53.42,2025-10-21 13:56:01+00:00
2025-10-21T13:58:01+00:00,-47.15,-60.98,-67.78,-55.01,-65.92,-45.65,-48.06,-49.63,-50.68,-41.92,-54.77,-58.55,-60.53,-63.76,-52.60,-44.75,-53.63,2025-10-21 13:58:01+00:00
2025-10-21T13:59:02+00:00,-46.58,-64.80,-64.68,-55.01,-64.55,-45.66,-48.45,-49.40,-51.67,-41.99,-56.61,-58.12,-60.63,-64.59,-52.57,-44.55,-53.53,2025-10-21 13:59:02+00:00
2025-10-21T14:01:01+00:00,-47.08,-64.00,-65.44,-55.92,-66.58,-45.57,-47.89,-49.52,-54.85,-42.01,-55.97,-58.56,-60.53,-64.28,-52.42,-44.88,-53.42,2025-10-21 14:01:01+00:00
2025-10-21T14:02:01+00:00,-47.17,-63.61,-67.96,-54.90,-65.63,-45.66,-48.25,-49.77,-54.69,-42.18,-56.22,-58.45,-58.92,-64.51,-52.59,-44.92,-53.59,2025-10-21 14:02:01+00:00
2025-10-21T14:04:02+00:00,-47.76,-64.31,-65.14,-56.85,-66.34,-53.30,-48.38,-51.37,-54.96,-42.28,-55.92,-58.25,-59.71,-63.22,-51.59,-44.44,-52.74,2025-10-21 14:04:02+00:00
2025-10-21T14:05:01+00:00,-47.75,-64.09,-64.53,-56.54,-66.51,-53.18,-48.55,-52.13,-54.91,-42.41,-56.17,-57.35,-60.60,-63.52,-51.33,-44.17,-53.22,2025-10-21 14:05:01+00:00
2025-10-21T14:07:01+00:00,-47.48,-62.14,-63.68,-57.64,-64.44,-53.08,-48.55,-52.64,-54.64,-42.57,-56.12,-57.33,-59.98,-64.36,-51.44,-44.06,-53.18,2025-10-21 14:07:01+00:00
2025-10-21T14:08:01+00:00,-47.90,-63.38,-62.92,-57.74,-66.80,-53.12,-48.26,-52.89,-54.82,-42.58,-56.01,-56.94,-60.04,-64.39,-51.29,-44.06,-52.98,2025-10-21 14:08:01+00:00
2025-10-21T14:10:01+00:00,-50.69,-63.66,-65.84,-54.51,-65.60,-45.90,-48.42,-53.92,-56.59,-42.63,-55.86,-58.72,-60.62,-64.54,-52.30,-44.48,-53.64,2025-10-21 14:10:01+00:00
2025-10-21T14:11:01+00:00,-49.97,-62.82,-65.16,-55.43,-64.86,-45.30,-48.55,-54.67,-55.66,-42.65,-56.82,-58.02,-60.67,-64.11,-52.89,-44.06,-53.92,2025-10-21 14:11:01+00:00
2025-10-21T14:13:01+00:00,-50.10,-63.96,-63.01,-54.49,-64.16,-45.17,-48.56,-54.17,-55.57,-42.98,-56.56,-56.88,-60.84,-64.02,-52.11,-44.24,-53.31,2025-10-21 14:13:01+00:00
2025-10-21T14:14:01+00:00,-50.09,-64.01,-63.07,-55.80,-65.67,-45.05,-48.72,-53.42,-55.76,-42.82,-56.83,-55.99,-61.19,-64.46,-52.32,-44.84,-53.60,2025-10-21 14:14:01+00:00
2025-10-21T14:16:01+00:00,-50.06,-63.67,-65.63,-55.99,-66.19,-45.40,-48.62,-52.36,-55.85,-42.87,-55.81,-58.82,-61.12,-64.42,-52.67,-44.33,-53.56,2025-10-21 14:16:01+00:00
2025-10-21T14:17:01+00:00,-50.04,-64.43,-64.59,-54.47,-66.12,-45.33,-48.38,-52.37,-56.08,-42.95,-56.62,-56.90,-61.28,-64.44,-52.53,-44.09,-53.30,2025-10-21 14:17:01+00:00
2025-10-21T14:19:01+00:00,-49.97,-63.69,-63.36,-54.53,-60.15,-45.13,-48.29,-52.93,-55.84,-43.08,-56.71,-57.82,-61.08,-64.02,-53.53,-44.18,-53.44,2025-10-21 14:19:01+00:00
2025-10-21T14:20:01+00:00,-49.59,-63.73,-64.05,-57.60,-65.60,-49.90,-48.33,-52.91,-56.43,-43.24,-56.54,-58.99,-61.03,-64.09,-52.43,-44.38,-53.49,2025-10-21 14:20:01+00:00
2025-10-21T14:22:01+00:00,-49.74,-63.88,-66.63,-59.73,-65.02,-49.90,-48.97,-53.34,-56.83,-43.52,-56.87,-58.91,-60.75,-64.48,-53.81,-44.39,-53.74,2025-10-21 14:22:01+00:00
2025-10-21T14:23:02+00:00,-48.48,-63.87,-64.23,-59.33,-65.33,-49.90,-49.12,-54.15,-57.10,-43.33,-56.49,-57.23,-61.21,-64.32,-53.08,-44.29,-53.69,2025-10-21 14:23:02+00:00
2025-10-21T14:25:01+00:00,-49.20,-64.41,-66.40,-59.18,-65.42,-49.78,-48.76,-53.55,-60.29,-43.53,-57.13,-59.07,-61.41,-64.75,-53.37,-44.09,-53.40,2025-10-21 14:25:01+00:00
2025-10-21T14:26:01+00:00,-49.92,-64.50,-64.72,-55.12,-66.17,-45.14,-48.47,-53.35,-60.66,-43.57,-56.81,-58.65,-61.16,-64.67,-54.72,-44.01,-53.42,2025-10-21 14:26:01+00:00
2025-10-21T14:28:02+00:00,-49.60,-63.92,-65.24,-55.43,-65.66,-45.01,-48.57,-53.60,-60.43,-43.89,-57.14,-59.22,-61.95,-64.37,-54.27,-44.02,-53.40,2025-10-21 14:28:02+00:00
2025-10-21T14:29:01+00:00,-49.41,-62.98,-66.25,-55.93,-65.45,-45.06,-48.49,-53.29,-55.82,-43.99,-57.01,-59.21,-62.02,-64.41,-53.89,-44.25,-53.57,2025-10-21 14:29:01+00:00
2025-10-21T14:31:01+00:00,-49.46,-64.12,-68.05,-55.56,-65.34,-45.02,-48.57,-53.28,-52.44,-44.25,-56.61,-59.39,-61.92,-64.69,-55.48,-44.16,-53.42,2025-10-21 14:31:01+00:00
2025-10-21T14:32:01+00:00,-49.12,-61.18,-63.71,-55.43,-66.69,-45.11,-48.27,-52.81,-52.42,-44.26,-57.29,-57.45,-62.03,-63.52,-53.46,-44.34,-52.70,2025-10-21 14:32:01+00:00
2025-10-21T14:34:01+00:00,-49.77,-64.28,-65.64,-55.59,-62.33,-45.63,-49.08,-52.37,-52.19,-44.41,-57.49,-59.48,-60.28,-64.32,-55.77,-44.50,-52.86,2025-10-21 14:34:01+00:00
2025-10-21T14:35:01+00:00,-48.84,-64.19,-64.89,-52.13,-65.47,-45.80,-47.97,-52.15,-52.32,-44.58,-57.06,-59.26,-62.32,-59.08,-55.17,-44.62,-53.13,2025-10-21 14:35:01+00:00
2025-10-21T14:37:01+00:00,-49.12,-61.24,-64.64,-58.65,-65.64,-52.81,-48.60,-52.25,-52.31,-45.15,-57.11,-59.43,-62.24,-63.82,-52.02,-44.62,-53.47,2025-10-21 14:37:01+00:00
2025-10-21T14:38:01+00:00,-48.95,-63.83,-63.74,-57.98,-64.63,-52.77,-48.59,-52.28,-52.41,-45.21,-57.01,-58.82,-62.42,-64.45,-51.52,-44.53,-52.36,2025-10-21 14:38:01+00:00
2025-10-21T14:40:01+00:00,-48.02,-63.80,-62.98,-59.06,-65.75,-52.56,-48.48,-51.43,-51.59,-45.57,-57.03,-58.43,-62.29,-64.61,-52.68,-44.15,-53.36,2025-10-21 14:40:01+00:00
2025-10-21T14:41:01+00:00,-48.25,-64.78,-63.84,-59.01,-63.47,-52.66,-48.36,-51.33,-51.76,-45.88,-56.94,-57.65,-62.29,-64.62,-53.06,-44.62,-53.47,2025-10-21 14:41:01+00:00
2025-10-21T14:43:01+00:00,-47.74,-64.73,-65.65,-55.59,-66.32,-45.79,-48.74,-50.44,-51.70,-46.24,-55.72,-59.72,-62.45,-64.42,-54.90,-45.25,-53.78,2025-10-21 14:43:01+00:00
2025-10-21T14:44:01+00:00,-47.50,-63.27,-67.02,-55.48,-66.21,-45.82,-48.31,-50.33,-51.76,-46.55,-56.83,-59.68,-62.66,-64.53,-55.14,-45.55,-53.92,2025-10-21 14:44:01+00:00
2025-10-21T14:46:01+00:00,-47.22,-65.04,-62.67,-55.27,-65.87,-45.82,-48.76,-51.53,-51.75,-47.19,-55.95,-57.22,-62.93,-64.60,-54.73,-46.01,-53.67,2025-10-21 14:46:01+00:00
2025-10-21T14:47:01+00:00,-47.47,-64.80,-63.60,-55.59,-63.47,-45.70,-48.52,-52.04,-51.68,-47.12,-56.94,-57.24,-62.52,-64.33,-55.59,-46.08,-53.71,2025-10-21 14:47:01+00:00
2025-10-21T14:49:01+00:00,-47.92,-62.14,-62.65,-54.85,-66.18,-45.54,-48.21,-52.62,-51.57,-47.72,-56.75,-56.78,-63.01,-64.06,-53.02,-46.89,-53.66,2025-10-21 14:49:01+00:00
2025-10-21T14:50:01+00:00,-48.16,-62.17,-63.24,-55.02,-64.96,-45.69,-48.31,-52.63,-51.40,-48.03,-56.93,-57.11,-62.81,-64.16,-54.04,-46.28,-53.67,2025-10-21 14:50:01+00:00
2025-10-21T14:52:01+00:00,-48.65,-66.28,-61.99,-55.49,-65.38,-45.40,-48.51,-52.68,-51.41,-48.46,-56.34,-57.64,-62.36,-64.04,-54.30,-46.67,-53.73,2025-10-21 14:52:01+00:00
2025-10-21T14:53:02+00:00,-48.01,-66.08,-61.71,-59.25,-66.07,-52.69,-48.56,-52.95,-51.43,-48.65,-55.27,-57.19,-62.37,-64.32,-52.73,-47.14,-53.67,2025-10-21 14:53:02+00:00
2025-10-21T14:55:01+00:00,-47.77,-65.04,-61.16,-59.44,-65.38,-52.93,-48.82,-53.54,-50.69,-48.99,-57.66,-56.92,-62.62,-64.58,-53.50,-46.98,-53.60,2025-10-21 14:55:01+00:00
2025-10-21T14:56:01+00:00,-47.74,-65.19,-61.12,-59.35,-65.28,-52.71,-48.55,-53.77,-50.65,-49.09,-57.76,-57.05,-62.46,-64.52,-52.95,-47.28,-53.52,2025-10-21 14:56:01+00:00
2025-10-21T14:58:02+00:00,-47.45,-62.00,-60.94,-59.32,-65.33,-52.73,-48.50,-55.26,-50.69,-49.46,-57.17,-56.80,-62.29,-64.61,-54.00,-48.14,-53.62,2025-10-21 14:58:02+00:00
2025-10-21T14:59:01+00:00,-47.55,-64.94,-62.05,-56.28,-66.09,-47.44,-48.56,-55.94,-51.84,-49.84,-57.69,-56.94,-62.99,-64.29,-53.21,-48.52,-53.63,2025-10-21 14:59:01+00:00
2025-10-21T15:01:01+00:00,-47.65,-65.25,-61.55,-58.67,-65.34,-50.94,-48.78,-58.19,-54.72,-54.89,-56.88,-57.12,-61.78,-63.48,-55.35,-49.29,-53.76,2025-10-21 15:01:01+00:00
2025-10-21T15:02:01+00:00,-47.73,-65.25,-61.35,-58.40,-65.78,-49.32,-48.40,-58.79,-54.84,-50.82,-56.81,-57.00,-61.85,-63.75,-55.36,-49.58,-53.76,2025-10-21 15:02:01+00:00
2025-10-21T15:04:01+00:00,-47.75,-65.52,-69.26,-55.93,-66.20,-45.09,-48.75,-58.26,-54.78,-51.18,-56.79,-60.62,-61.53,-63.74,-55.88,-49.48,-53.82,2025-10-21 15:04:01+00:00
2025-10-21T15:05:01+00:00,-48.16,-65.10,-68.93,-55.35,-66.05,-44.93,-48.79,-58.28,-55.33,-51.54,-57.13,-60.78,-61.77,-63.58,-55.74,-49.37,-53.69,2025-10-21 15:05:01+00:00
2025-10-21T15:07:01+00:00,-48.32,-64.77,-68.24,-55.40,-66.18,-44.99,-48.84,-58.33,-55.48,-52.06,-56.92,-60.80,-61.26,-63.38,-55.36,-51.55,-53.64,2025-10-21 15:07:01+00:00
2025-10-21T15:08:02+00:00,-48.92,-65.20,-68.29,-55.45,-65.97,-45.34,-48.90,-58.81,-55.86,-52.35,-57.02,-60.52,-61.13,-64.48,-55.68,-52.97,-53.57,2025-10-21 15:08:02+00:00
2025-10-21T15:10:01+00:00,-51.19,-65.20,-68.68,-59.49,-66.56,-47.10,-48.79,-60.45,-57.23,-53.26,-56.98,-61.03,-61.11,-64.48,-53.90,-55.31,-53.58,2025-10-21 15:10:01+00:00
2025-10-21T15:11:01+00:00,-50.72,-65.21,-67.99,-59.02,-65.65,-47.20,-49.13,-61.09,-56.16,-53.63,-56.96,-60.89,-61.44,-64.25,-53.70,-55.69,-53.54,2025-10-21 15:11:01+00:00
2025-10-21T15:13:02+00:00,-49.62,-64.01,-68.45,-59.68,-66.08,-47.15,-49.02,-61.50,-56.03,-54.51,-56.97,-61.00,-61.02,-64.46,-52.83,-53.34,-58.18,2025-10-21 15:13:02+00:00
2025-10-21T15:14:01+00:00,-49.76,-63.08,-68.51,-59.87,-66.62,-46.91,-48.70,-62.17,-56.06,-55.25,-57.05,-60.92,-61.07,-64.49,-53.15,-55.32,-54.68,2025-10-21 15:14:01+00:00
2025-10-21T15:16:01+00:00,-49.63,-64.53,-68.15,-55.04,-66.12,-44.03,-49.24,-61.21,-56.04,-56.79,-57.40,-61.03,-61.01,-64.37,-56.03,-55.11,-58.61,2025-10-21 15:16:01+00:00
2025-10-21T15:17:01+00:00,-49.34,-63.06,-69.33,-55.15,-65.93,-43.94,-49.17,-60.03,-56.15,-57.11,-57.28,-61.30,-63.93,-64.52,-56.54,-54.66,-57.95,2025-10-21 15:17:01+00:00
2025-10-21T15:19:01+00:00,-49.89,-61.40,-70.04,-55.30,-65.33,-43.75,-49.61,-61.26,-56.35,-56.33,-57.25,-61.36,-63.66,-64.30,-55.97,-54.64,-58.63,2025-10-21 15:19:01+00:00
2025-10-21T15:20:01+00:00,-50.61,-65.04,-69.76,-54.82,-65.64,-43.55,-49.65,-59.95,-56.61,-56.20,-57.35,-61.15,-63.69,-64.24,-56.09,-54.50,-58.33,2025-10-21 15:20:01+00:00
2025-10-21T15:22:01+00:00,-50.50,-65.38,-69.77,-55.13,-66.38,-45.46,-50.04,-59.70,-56.62,-55.52,-57.15,-61.38,-63.48,-63.95,-55.97,-52.85,-57.08,2025-10-21 15:22:01+00:00
2025-10-21T15:23:02+00:00,-49.96,-64.07,-69.70,-55.61,-66.02,-45.80,-50.16,-64.00,-56.56,-54.63,-57.49,-61.17,-63.32,-64.33,-55.93,-53.15,-58.75,2025-10-21 15:23:02+00:00
2025-10-21T15:25:01+00:00,-50.65,-65.11,-69.79,-55.54,-65.86,-46.21,-49.79,-64.83,-60.69,-53.41,-57.60,-61.40,-62.98,-64.41,-55.84,-52.51,-57.93,2025-10-21 15:25:01+00:00
2025-10-21T15:26:01+00:00,-50.13,-64.84,-68.68,-59.54,-66.30,-53.51,-49.90,-65.68,-60.64,-52.43,-57.75,-61.64,-62.79,-64.34,-54.35,-51.93,-56.46,2025-10-21 15:26:01+00:00
2025-10-21T15:28:02+00:00,-50.35,-65.32,-70.11,-59.62,-65.67,-53.38,-49.98,-65.40,-58.80,-51.20,-57.72,-61.72,-63.85,-64.63,-54.57,-51.68,-58.55,2025-10-21 15:28:02+00:00
2025-10-21T15:29:01+00:00,-50.41,-64.45,-70.07,-59.70,-66.11,-53.48,-50.47,-64.59,-56.10,-50.33,-57.67,-61.86,-63.36,-64.72,-54.26,-50.54,-58.52,2025-10-21 15:29:01+00:00
2025-10-21T15:31:01+00:00,-49.86,-64.23,-69.49,-59.55,-66.13,-52.93,-50.22,-61.39,-52.34,-49.11,-57.71,-61.84,-62.60,-64.57,-54.73,-49.40,-57.98,2025-10-21 15:31:01+00:00
2025-10-21T15:32:01+00:00,-49.88,-64.72,-69.49,-54.73,-65.70,-44.91,-50.22,-61.40,-52.38,-48.27,-57.71,-62.03,-62.63,-64.46,-56.66,-48.45,-57.77,2025-10-21 15:32:01+00:00
2025-10-21T15:34:01+00:00,-49.54,-64.69,-69.91,-54.54,-66.73,-45.98,-49.84,-60.77,-52.49,-47.01,-57.90,-62.23,-62.56,-64.35,-56.82,-48.20,-58.31,2025-10-21 15:34:01+00:00
2025-10-21T15:35:01+00:00,-49.90,-64.80,-69.65,-54.82,-65.66,-45.88,-50.07,-62.82,-52.39,-46.31,-58.20,-62.19,-62.50,-64.35,-56.77,-47.29,-58.86,2025-10-21 15:35:01+00:00
2025-10-21T15:37:01+00:00,-50.46,-64.74,-69.41,-55.20,-65.82,-45.97,-50.24,-61.38,-52.62,-45.31,-58.09,-62.35,-62.32,-64.30,-56.67,-46.55,-58.85,2025-10-21 15:37:01+00:00
2025-10-21T15:38:01+00:00,-48.62,-63.19,-69.40,-55.80,-66.09,-45.90,-50.34,-60.95,-52.17,-44.88,-58.01,-62.19,-62.09,-64.35,-56.54,-46.40,-58.02,2025-10-21 15:38:01+00:00
2025-10-21T15:40:02+00:00,-48.42,-65.22,-70.06,-55.65,-66.50,-45.75,-50.64,-60.62,-51.77,-43.91,-57.61,-62.74,-62.29,-64.13,-56.53,-46.44,-58.04,2025-10-21 15:40:02+00:00
2025-10-21T15:41:01+00:00,-48.47,-65.14,-69.90,-55.70,-65.85,-45.95,-50.35,-60.30,-51.86,-43.50,-58.19,-62.70,-61.84,-64.51,-56.44,-45.90,-57.58,2025-10-21 15:41:01+00:00
2025-10-21T15:43:01+00:00,-47.76,-64.82,-69.71,-59.46,-65.84,-53.16,-50.45,-60.51,-51.87,-42.86,-58.31,-63.38,-61.57,-64.55,-54.73,-44.90,-58.64,2025-10-21 15:43:01+00:00
2025-10-21T15:44:01+00:00,-47.76,-64.63,-70.21,-60.13,-65.61,-53.62,-50.45,-60.92,-51.96,-42.54,-59.14,-63.62,-62.07,-64.99,-54.56,-44.73,-60.01,2025-10-21 15:44:01+00:00
2025-10-21T15:46:01+00:00,-47.47,-65.50,-70.80,-60.25,-65.41,-53.38,-50.98,-66.12,-51.96,-41.96,-58.98,-64.09,-62.13,-64.81,-54.97,-44.07,-60.13,2025-10-21 15:46:01+00:00
2025-10-21T15:47:01+00:00,-47.74,-65.78,-70.11,-60.35,-66.65,-52.97,-50.97,-66.25,-51.99,-41.69,-59.14,-64.42,-61.95,-64.75,-55.43,-44.32,-59.06,2025-10-21 15:47:01+00:00
2025-10-21T15:49:01+00:00,-47.67,-64.25,-69.03,-55.69,-65.94,-45.68,-50.32,-65.66,-51.83,-41.32,-57.68,-64.81,-62.19,-64.05,-55.59,-44.09,-56.89,2025-10-21 15:49:01+00:00
2025-10-21T15:50:02+00:00,-47.84,-64.19,-69.72,-56.36,-66.31,-45.76,-50.53,-65.94,-51.73,-41.49,-58.42,-65.39,-61.79,-64.18,-56.56,-43.99,-58.22,2025-10-21 15:50:02+00:00
2025-10-21T15:52:01+00:00,-47.67,-65.36,-69.95,-55.49,-66.26,-44.79,-50.81,-65.80,-51.74,-41.23,-58.30,-65.53,-62.37,-64.45,-57.13,-44.00,-59.05,2025-10-21 15:52:01+00:00
2025-10-21T15:53:02+00:00,-47.75,-65.46,-70.01,-55.51,-65.96,-45.17,-50.93,-65.91,-51.70,-41.18,-58.38,-65.95,-62.22,-64.17,-57.22,-43.75,-59.21,2025-10-21 15:53:02+00:00
2025-10-21T15:55:01+00:00,-47.23,-64.06,-69.53,-54.94,-66.00,-43.84,-50.68,-65.91,-51.00,-41.38,-58.21,-66.54,-62.63,-64.50,-56.97,-44.70,-58.86,2025-10-21 15:55:01+00:00
2025-10-21T15:57:01+00:00,-47.27,-64.84,-69.48,-55.34,-65.99,-43.75,-50.83,-65.77,-51.01,-41.33,-58.70,-66.96,-62.43,-64.53,-57.45,-44.51,-58.55,2025-10-21 15:57:01+00:00
2025-10-21T15:58:01+00:00,-47.47,-63.69,-69.66,-59.85,-66.97,-47.23,-50.86,-65.28,-52.15,-41.46,-58.33,-67.78,-62.70,-64.68,-55.63,-44.80,-58.89,2025-10-21 15:58:01+00:00
2025-10-21T16:00:01+00:00,-47.24,-62.53,-69.63,-59.66,-66.40,-47.39,-51.38,-65.42,-54.98,-41.48,-56.69,-68.51,-63.44,-64.63,-52.92,-43.58,-58.56,2025-10-21 16:00:01+00:00
2025-10-21T16:02:01+00:00,-47.43,-64.95,-68.51,-56.14,-66.26,-47.02,-50.76,-55.22,-55.04,-41.23,-58.81,-66.55,-62.68,-60.96,-55.28,-43.98,-58.34,2025-10-21 16:02:01+00:00
2025-10-21T16:04:01+00:00,-47.88,-63.24,-68.96,-54.63,-66.00,-43.97,-50.98,-62.48,-55.25,-41.43,-58.85,-67.10,-63.95,-63.77,-56.23,-44.08,-59.56,2025-10-21 16:04:01+00:00
2025-10-21T16:05:01+00:00,-47.88,-61.25,-69.37,-54.79,-65.48,-44.18,-50.77,-63.41,-55.16,-41.43,-58.64,-66.24,-63.99,-63.24,-53.95,-44.70,-58.79,2025-10-21 16:05:01+00:00
2025-10-21T16:07:01+00:00,-48.31,-64.97,-69.55,-55.21,-64.84,-45.20,-51.07,-63.61,-55.08,-41.49,-59.09,-64.95,-64.48,-64.49,-56.95,-44.90,-59.56,2025-10-21 16:07:01+00:00
2025-10-21T16:08:01+00:00,-51.09,-64.63,-69.01,-55.25,-66.27,-45.31,-50.98,-63.76,-57.18,-41.62,-59.27,-64.01,-64.10,-64.31,-56.11,-45.09,-59.04,2025-10-21 16:08:01+00:00
2025-10-21T16:10:02+00:00,-52.81,-62.29,-67.99,-55.63,-62.80,-45.55,-51.03,-63.56,-56.61,-41.83,-58.04,-62.62,-64.62,-64.42,-55.93,-46.49,-59.19,2025-10-21 16:10:02+00:00
2025-10-21T16:11:01+00:00,-51.91,-63.37,-66.87,-56.05,-63.30,-47.18,-50.85,-63.00,-55.79,-42.00,-57.57,-62.08,-64.12,-63.83,-55.81,-46.80,-57.29,2025-10-21 16:11:01+00:00
2025-10-21T16:13:01+00:00,-52.55,-63.19,-67.16,-59.20,-63.15,-54.33,-51.24,-65.04,-55.73,-41.98,-57.45,-61.02,-64.27,-64.01,-53.97,-45.82,-58.59,2025-10-21 16:13:01+00:00
2025-10-21T16:14:01+00:00,-52.35,-63.47,-66.46,-59.09,-62.41,-54.37,-51.15,-64.79,-55.72,-42.26,-57.66,-60.37,-64.24,-64.17,-53.37,-45.93,-58.67,2025-10-21 16:14:01+00:00
2025-10-21T16:16:01+00:00,-52.15,-62.33,-66.48,-58.96,-63.64,-54.29,-51.18,-63.17,-55.79,-42.23,-56.71,-59.49,-64.20,-63.87,-53.30,-45.81,-57.84,2025-10-21 16:16:01+00:00
2025-10-21T16:17:01+00:00,-52.14,-61.32,-66.89,-58.15,-62.75,-54.24,-51.36,-63.81,-55.93,-42.25,-58.27,-58.84,-63.93,-63.82,-51.87,-45.50,-57.10,2025-10-21 16:17:01+00:00
2025-10-21T16:19:01+00:00,-52.04,-62.81,-65.42,-55.41,-62.32,-47.29,-51.09,-62.47,-56.12,-42.18,-57.99,-57.76,-63.63,-63.22,-53.35,-45.43,-56.46,2025-10-21 16:19:01+00:00
2025-10-21T16:20:02+00:00,-52.34,-63.32,-66.20,-55.40,-63.12,-47.23,-51.39,-63.07,-56.03,-42.38,-57.73,-57.42,-63.64,-63.67,-53.33,-45.31,-57.69,2025-10-21 16:20:02+00:00
2025-10-21T16:22:01+00:00,-51.87,-62.31,-65.57,-55.76,-62.25,-47.16,-51.92,-62.44,-56.24,-42.19,-57.66,-56.57,-63.18,-63.43,-54.29,-45.50,-56.84,2025-10-21 16:22:01+00:00
2025-10-21T16:23:01+00:00,-52.30,-61.53,-65.34,-55.42,-62.25,-47.16,-51.54,-62.64,-56.60,-42.36,-57.80,-56.07,-63.09,-63.21,-54.06,-45.80,-58.37,2025-10-21 16:23:01+00:00
2025-10-21T16:25:02+00:00,-51.14,-62.99,-65.52,-56.03,-62.49,-47.12,-51.87,-62.08,-61.14,-42.70,-57.77,-55.77,-63.20,-63.50,-54.94,-46.12,-57.80,2025-10-21 16:25:02+00:00
2025-10-21T16:26:01+00:00,-51.57,-63.03,-65.43,-55.49,-61.60,-47.02,-51.85,-62.19,-60.45,-42.62,-57.92,-55.58,-63.59,-63.28,-54.65,-46.66,-59.06,2025-10-21 16:26:01+00:00
2025-10-21T16:28:01+00:00,-51.96,-61.09,-65.47,-55.30,-61.48,-46.95,-52.01,-62.02,-55.74,-42.39,-57.92,-54.85,-63.51,-63.14,-52.78,-46.96,-59.09,2025-10-21 16:28:01+00:00
2025-10-21T16:29:01+00:00,-51.92,-62.76,-65.27,-58.89,-62.48,-54.00,-53.67,-62.67,-55.87,-42.45,-57.37,-54.46,-63.21,-63.22,-53.49,-48.06,-58.82,2025-10-21 16:29:01+00:00
2025-10-21T16:31:01+00:00,-51.96,-64.17,-65.58,-58.57,-61.98,-53.91,-52.79,-62.94,-52.41,-42.24,-57.43,-54.56,-62.70,-63.41,-53.08,-47.24,-58.80,2025-10-21 16:31:01+00:00
2025-10-21T16:32:01+00:00,-52.00,-63.89,-65.19,-58.58,-62.51,-48.83,-52.49,-62.66,-52.18,-42.31,-56.89,-54.44,-62.62,-63.13,-53.20,-46.79,-58.58,2025-10-21 16:32:01+00:00
2025-10-21T16:34:01+00:00,-52.07,-62.50,-65.89,-58.80,-61.33,-53.67,-52.85,-62.87,-52.24,-42.48,-57.00,-54.49,-63.17,-63.48,-53.59,-46.77,-57.34,2025-10-21 16:34:01+00:00
2025-10-21T16:35:01+00:00,-51.79,-63.01,-66.20,-58.72,-62.02,-53.18,-52.58,-62.90,-52.27,-42.62,-57.08,-54.42,-63.08,-63.52,-53.99,-46.08,-57.95,2025-10-21 16:35:01+00:00
2025-10-21T16:37:01+00:00,-51.96,-63.22,-66.17,-55.46,-62.05,-46.70,-52.86,-62.21,-52.23,-42.86,-57.70,-53.67,-63.75,-63.50,-55.10,-45.33,-58.16,2025-10-21 16:37:01+00:00
2025-10-21T16:38:01+00:00,-48.72,-62.59,-65.86,-55.66,-61.62,-45.56,-52.65,-62.47,-51.41,-43.05,-57.65,-53.61,-63.00,-63.26,-54.97,-45.39,-57.72,2025-10-21 16:38:01+00:00
2025-10-21T16:40:01+00:00,-48.15,-61.42,-64.95,-55.34,-62.60,-45.92,-52.43,-62.97,-51.45,-43.43,-57.59,-53.34,-62.38,-63.33,-54.67,-44.96,-58.09,2025-10-21 16:40:01+00:00
2025-10-21T16:41:01+00:00,-48.83,-63.16,-65.57,-55.36,-61.85,-44.27,-52.56,-63.45,-51.66,-43.65,-58.17,-53.19,-62.41,-63.40,-55.24,-46.06,-58.79,2025-10-21 16:41:01+00:00
2025-10-21T16:43:01+00:00,-48.91,-62.71,-65.24,-54.97,-62.80,-44.02,-52.58,-63.12,-51.77,-43.96,-58.10,-53.17,-62.23,-63.19,-54.77,-46.12,-58.23,2025-10-21 16:43:01+00:00
2025-10-21T16:44:01+00:00,-48.64,-60.87,-66.24,-55.24,-61.79,-43.64,-52.51,-63.36,-51.64,-44.71,-57.85,-52.93,-62.80,-63.45,-55.07,-46.72,-57.94,2025-10-21 16:44:01+00:00
2025-10-21T16:46:01+00:00,-47.16,-62.19,-65.87,-59.11,-62.96,-46.15,-52.64,-63.71,-50.91,-45.23,-57.93,-52.36,-62.18,-63.50,-52.55,-45.33,-55.75,2025-10-21 16:46:01+00:00
2025-10-21T16:47:01+00:00,-46.99,-63.04,-66.20,-59.22,-61.81,-45.40,-52.56,-64.13,-50.87,-44.99,-57.38,-52.35,-61.96,-63.88,-52.50,-44.52,-58.40,2025-10-21 16:47:01+00:00
2025-10-21T16:49:01+00:00,-46.73,-62.74,-66.98,-59.43,-60.16,-45.83,-52.58,-64.19,-50.46,-45.83,-57.25,-52.28,-62.72,-64.26,-52.96,-44.96,-58.28,2025-10-21 16:49:01+00:00
2025-10-21T16:50:01+00:00,-46.31,-63.51,-66.48,-59.62,-58.83,-45.69,-52.73,-63.66,-50.14,-45.67,-57.24,-51.97,-62.30,-64.40,-53.13,-44.38,-57.73,2025-10-21 16:50:01+00:00
2025-10-21T16:52:01+00:00,-46.48,-58.79,-66.50,-54.63,-60.16,-43.61,-52.64,-62.65,-48.86,-47.39,-57.81,-51.88,-61.44,-64.16,-55.22,-45.40,-57.82,2025-10-21 16:52:01+00:00
2025-10-21T16:53:02+00:00,-46.32,-57.28,-66.52,-55.43,-62.83,-43.61,-52.56,-62.58,-49.35,-47.80,-56.50,-52.15,-61.76,-64.15,-55.70,-44.99,-58.00,2025-10-21 16:53:02+00:00
2025-10-21T16:55:01+00:00,-46.14,-59.49,-66.70,-54.92,-63.05,-43.17,-52.63,-62.50,-49.95,-49.69,-57.82,-51.97,-61.36,-64.03,-55.41,-45.18,-57.69,2025-10-21 16:55:01+00:00
2025-10-21T16:56:01+00:00,-45.84,-60.35,-67.27,-55.38,-62.16,-42.98,-52.54,-62.57,-50.45,-51.12,-55.86,-51.97,-62.04,-63.90,-55.17,-44.85,-56.05,2025-10-21 16:56:01+00:00
2025-10-21T16:58:02+00:00,-45.99,-60.32,-67.85,-55.35,-63.32,-45.21,-52.59,-63.27,-51.04,-53.09,-55.76,-51.76,-61.04,-64.48,-55.47,-44.09,-58.83,2025-10-21 16:58:02+00:00
2025-10-21T16:59:01+00:00,-46.06,-61.14,-67.05,-55.34,-62.35,-45.30,-52.59,-62.96,-51.18,-54.97,-55.85,-51.89,-61.26,-63.90,-55.63,-44.03,-58.80,2025-10-21 16:59:01+00:00
2025-10-21T17:01:01+00:00,-46.03,-61.47,-68.75,-60.00,-63.07,-49.15,-53.31,-64.27,-54.35,-59.75,-57.03,-51.60,-59.79,-65.01,-53.43,-44.55,-59.16,2025-10-21 17:01:01+00:00
2025-10-21T17:02:01+00:00,-45.89,-61.30,-67.59,-59.68,-62.68,-48.90,-53.28,-63.59,-53.67,-58.01,-56.87,-52.03,-59.42,-64.59,-53.92,-44.33,-56.10,2025-10-21 17:02:01+00:00
2025-10-21T17:04:01+00:00,-46.07,-59.31,-67.80,-60.37,-63.39,-46.74,-52.91,-65.88,-52.50,-51.71,-59.67,-51.73,-58.70,-64.66,-53.66,-43.95,-57.55,2025-10-21 17:04:01+00:00
2025-10-21T17:05:01+00:00,-46.13,-61.59,-67.15,-60.48,-62.06,-48.73,-53.28,-65.82,-50.56,-50.56,-61.77,-51.98,-58.28,-64.42,-53.44,-43.14,-58.23,2025-10-21 17:05:01+00:00
2025-10-21T17:07:01+00:00,-45.71,-62.32,-65.91,-55.31,-63.06,-44.92,-52.41,-64.39,-50.81,-48.67,-60.00,-51.91,-58.18,-64.10,-55.07,-42.92,-57.66,2025-10-21 17:07:01+00:00
2025-10-21T17:08:01+00:00,-46.25,-62.53,-66.20,-55.66,-63.00,-45.14,-52.32,-64.00,-50.80,-48.31,-59.96,-51.71,-58.44,-64.32,-54.89,-43.69,-57.91,2025-10-21 17:08:01+00:00
2025-10-21T17:10:01+00:00,-47.69,-62.27,-67.56,-55.21,-64.27,-44.82,-51.94,-64.73,-51.16,-47.99,-60.24,-52.03,-58.91,-64.70,-55.46,-43.78,-57.81,2025-10-21 17:10:01+00:00
2025-10-21T17:11:01+00:00,-48.35,-60.35,-66.62,-54.94,-62.22,-44.74,-52.13,-63.93,-50.49,-48.14,-60.30,-52.00,-58.83,-63.96,-55.91,-43.73,-57.71,2025-10-21 17:11:01+00:00
2025-10-21T17:13:01+00:00,-48.88,-63.51,-67.19,-55.66,-63.89,-44.66,-52.01,-64.54,-51.63,-48.05,-60.60,-51.74,-58.55,-64.13,-55.69,-43.47,-58.65,2025-10-21 17:13:01+00:00
2025-10-21T17:14:01+00:00,-48.93,-63.45,-66.11,-55.49,-63.07,-44.70,-51.73,-64.41,-51.55,-47.67,-60.38,-51.88,-58.61,-63.64,-55.86,-44.53,-58.00,2025-10-21 17:14:01+00:00
2025-10-21T17:16:01+00:00,-48.99,-63.52,-66.33,-60.48,-63.49,-48.18,-51.45,-62.67,-51.27,-48.22,-58.79,-52.25,-58.64,-64.50,-53.47,-44.62,-57.06,2025-10-21 17:16:01+00:00
2025-10-21T17:17:01+00:00,-48.66,-63.26,-66.23,-60.72,-62.34,-46.34,-51.61,-62.49,-51.26,-47.71,-57.02,-52.08,-58.19,-64.02,-52.03,-44.13,-57.11,2025-10-21 17:17:01+00:00
2025-10-21T17:19:01+00:00,-49.01,-64.46,-66.09,-60.11,-62.37,-48.20,-51.07,-62.81,-51.39,-46.32,-58.72,-51.74,-57.68,-63.76,-52.54,-44.48,-53.08,2025-10-21 17:19:01+00:00
2025-10-21T17:20:01+00:00,-49.04,-64.11,-65.90,-60.04,-62.81,-48.34,-51.09,-62.16,-51.32,-46.26,-57.63,-52.08,-58.04,-63.92,-53.87,-44.38,-53.23,2025-10-21 17:20:01+00:00
2025-10-21T17:22:01+00:00,-48.99,-64.03,-59.31,-53.96,-62.68,-45.05,-49.74,-55.48,-52.53,-47.17,-59.16,-52.59,-57.30,-61.26,-54.89,-45.16,-53.23,2025-10-21 17:22:01+00:00
2025-10-21T17:23:02+00:00,-48.94,-64.48,-65.69,-55.75,-56.59,-44.77,-50.48,-62.15,-51.97,-47.15,-59.12,-52.90,-56.69,-63.41,-55.78,-44.78,-53.36,2025-10-21 17:23:02+00:00
2025-10-21T17:25:01+00:00,-47.68,-64.08,-65.57,-54.94,-61.83,-44.63,-50.37,-61.77,-53.20,-45.94,-58.84,-53.50,-57.46,-62.59,-53.41,-45.42,-51.96,2025-10-21 17:25:01+00:00
2025-10-21T17:26:01+00:00,-47.92,-64.19,-65.40,-55.41,-62.79,-44.03,-47.54,-61.90,-52.75,-45.46,-56.33,-53.62,-57.16,-62.83,-52.85,-46.61,-51.32,2025-10-21 17:26:01+00:00
2025-10-21T17:28:02+00:00,-47.82,-63.45,-65.77,-55.74,-62.81,-43.76,-50.48,-61.90,-51.43,-45.29,-56.16,-53.67,-56.51,-63.91,-54.65,-45.78,-53.90,2025-10-21 17:28:02+00:00
2025-10-21T17:29:01+00:00,-47.77,-63.42,-66.04,-55.49,-62.23,-43.62,-50.59,-62.07,-51.50,-45.05,-55.80,-53.92,-56.72,-63.88,-54.51,-45.84,-53.18,2025-10-21 17:29:01+00:00
2025-10-21T17:31:01+00:00,-47.77,-63.72,-66.34,-60.53,-63.64,-46.09,-50.94,-64.59,-49.95,-43.78,-55.83,-54.10,-56.77,-64.37,-53.18,-44.14,-53.16,2025-10-21 17:31:01+00:00
2025-10-21T17:32:01+00:00,-47.72,-63.53,-65.35,-60.11,-62.45,-46.29,-51.09,-64.46,-49.84,-43.34,-55.69,-53.97,-56.81,-63.92,-53.40,-44.45,-53.02,2025-10-21 17:32:01+00:00
2025-10-21T17:34:01+00:00,-47.50,-63.89,-67.03,-60.13,-63.14,-46.15,-51.56,-64.76,-49.71,-43.41,-57.91,-54.36,-56.57,-64.47,-52.82,-42.90,-53.14,2025-10-21 17:34:01+00:00
2025-10-21T17:35:01+00:00,-47.80,-63.37,-65.46,-60.10,-62.27,-46.30,-51.43,-64.19,-49.91,-43.56,-57.52,-54.21,-56.67,-64.09,-53.18,-42.71,-53.10,2025-10-21 17:35:01+00:00
2025-10-21T17:37:01+00:00,-47.62,-63.54,-66.66,-55.04,-64.87,-42.68,-50.74,-63.08,-48.38,-43.55,-58.17,-54.75,-56.70,-63.71,-54.08,-41.35,-53.11,2025-10-21 17:37:01+00:00
2025-10-21T17:38:02+00:00,-47.75,-63.43,-65.53,-55.21,-62.34,-43.99,-50.35,-62.75,-48.91,-43.31,-58.88,-54.35,-56.87,-63.65,-53.57,-41.66,-52.67,2025-10-21 17:38:02+00:00
2025-10-21T17:40:01+00:00,-47.76,-64.66,-66.81,-55.70,-63.65,-42.03,-50.39,-63.82,-49.06,-42.99,-59.77,-54.79,-56.75,-64.78,-54.55,-41.67,-58.73,2025-10-21 17:40:01+00:00
2025-10-21T17:41:01+00:00,-47.94,-64.29,-66.24,-55.43,-61.35,-42.15,-50.55,-63.25,-48.93,-42.78,-59.48,-54.85,-56.68,-63.69,-55.17,-41.79,-58.96,2025-10-21 17:41:01+00:00
2025-10-21T17:43:02+00:00,-48.03,-65.15,-64.97,-55.34,-62.32,-42.14,-47.60,-63.94,-48.92,-42.40,-59.57,-55.04,-56.77,-64.29,-55.77,-42.18,-57.95,2025-10-21 17:43:02+00:00
2025-10-21T17:44:01+00:00,-48.02,-63.97,-63.95,-55.49,-61.88,-42.24,-50.41,-63.15,-48.94,-42.60,-59.06,-54.96,-56.66,-64.19,-55.19,-42.81,-57.32,2025-10-21 17:44:01+00:00
2025-10-21T17:46:01+00:00,-48.02,-65.02,-66.22,-57.47,-62.65,-42.89,-50.04,-64.43,-48.83,-43.32,-59.15,-55.56,-55.91,-64.22,-54.29,-43.58,-57.69,2025-10-21 17:46:01+00:00
2025-10-21T17:47:01+00:00,-47.77,-63.66,-64.86,-59.15,-62.69,-44.00,-50.05,-63.07,-49.05,-43.16,-59.06,-56.03,-55.45,-63.72,-52.29,-43.55,-55.86,2025-10-21 17:47:01+00:00
2025-10-21T17:49:01+00:00,-46.09,-65.48,-65.05,-60.29,-64.65,-43.97,-50.15,-64.82,-48.72,-42.25,-59.10,-56.17,-55.52,-64.49,-53.91,-45.15,-55.98,2025-10-21 17:49:01+00:00
2025-10-21T17:50:01+00:00,-46.01,-64.92,-65.03,-60.20,-62.18,-44.04,-50.24,-64.51,-48.64,-41.98,-58.60,-55.97,-55.38,-63.71,-53.35,-45.44,-58.40,2025-10-21 17:50:01+00:00
2025-10-21T17:52:01+00:00,-46.10,-65.18,-65.64,-59.71,-63.80,-44.08,-50.13,-64.56,-48.78,-42.85,-57.93,-56.03,-55.68,-64.58,-53.73,-45.68,-56.58,2025-10-21 17:52:01+00:00
2025-10-21T17:53:02+00:00,-45.90,-64.55,-64.59,-55.41,-63.05,-42.41,-50.33,-63.71,-48.38,-43.12,-58.81,-53.94,-55.85,-63.96,-55.08,-45.58,-58.21,2025-10-21 17:53:02+00:00
2025-10-21T17:55:01+00:00,-46.13,-65.14,-64.68,-56.43,-64.14,-45.37,-50.09,-64.39,-48.69,-42.79,-56.73,-54.02,-56.42,-63.86,-55.22,-47.26,-58.68,2025-10-21 17:55:01+00:00
2025-10-21T17:56:01+00:00,-45.65,-63.71,-64.26,-56.11,-62.79,-44.56,-49.89,-63.24,-48.83,-42.95,-56.37,-54.26,-56.43,-63.52,-55.40,-47.46,-58.27,2025-10-21 17:56:01+00:00
2025-10-21T17:58:02+00:00,-45.49,-64.50,-65.90,-55.81,-64.72,-45.32,-50.78,-64.03,-50.21,-42.36,-56.52,-54.21,-56.41,-64.01,-54.91,-46.88,-58.18,2025-10-21 17:58:02+00:00
2025-10-21T17:59:01+00:00,-45.37,-63.84,-64.77,-55.64,-62.60,-45.19,-50.78,-63.73,-50.58,-41.99,-56.61,-53.90,-55.85,-63.36,-54.98,-46.74,-56.71,2025-10-21 17:59:01+00:00
2025-10-21T18:01:01+00:00,-45.45,-63.71,-65.16,-55.95,-63.48,-45.01,-50.23,-63.33,-53.35,-41.70,-56.56,-53.59,-55.78,-64.10,-55.21,-46.59,-57.70,2025-10-21 18:01:01+00:00
2025-10-21T18:02:01+00:00,-46.23,-64.31,-65.51,-55.65,-63.26,-45.21,-50.09,-63.86,-54.04,-41.88,-56.30,-53.74,-55.82,-64.06,-55.12,-46.83,-58.35,2025-10-21 18:02:01+00:00
2025-10-21T18:04:01+00:00,-46.49,-64.45,-65.11,-60.47,-63.32,-48.80,-50.82,-64.66,-54.23,-41.30,-59.51,-53.57,-55.92,-64.03,-53.56,-46.82,-58.35,2025-10-21 18:04:01+00:00
2025-10-21T18:05:01+00:00,-46.40,-64.45,-64.58,-60.11,-60.01,-48.79,-50.78,-64.64,-53.99,-41.37,-58.53,-53.63,-55.85,-64.25,-53.31,-47.08,-58.08,2025-10-21 18:05:01+00:00
2025-10-21T18:07:01+00:00,-46.80,-64.21,-65.05,-59.69,-63.95,-48.71,-50.45,-64.52,-54.56,-41.18,-58.73,-53.83,-55.92,-63.81,-53.30,-47.54,-58.40,2025-10-21 18:07:01+00:00
2025-10-21T18:08:02+00:00,-46.62,-63.76,-64.48,-59.94,-63.03,-48.56,-50.34,-63.93,-54.72,-41.56,-56.16,-53.90,-55.77,-63.46,-53.02,-47.43,-57.66,2025-10-21 18:08:02+00:00
2025-10-21T18:10:01+00:00,-46.43,-62.90,-65.58,-55.94,-65.23,-44.99,-50.27,-63.72,-54.10,-42.14,-58.91,-54.18,-55.28,-64.26,-56.13,-45.82,-58.36,2025-10-21 18:10:01+00:00
2025-10-21T18:11:01+00:00,-46.46,-61.58,-65.43,-56.13,-63.54,-45.12,-49.93,-63.41,-54.23,-42.08,-58.64,-54.34,-54.89,-64.08,-55.83,-46.73,-57.65,2025-10-21 18:11:01+00:00
2025-10-21T18:13:02+00:00,-46.01,-61.99,-65.45,-55.96,-63.60,-44.42,-49.69,-62.65,-54.09,-42.08,-59.23,-54.70,-55.08,-63.97,-55.84,-45.58,-57.49,2025-10-21 18:13:02+00:00
2025-10-21T18:14:01+00:00,-46.05,-61.96,-64.95,-55.54,-62.41,-45.17,-49.37,-61.90,-53.68,-42.33,-59.29,-54.55,-54.94,-63.68,-55.27,-45.07,-57.48,2025-10-21 18:14:01+00:00
2025-10-21T18:16:01+00:00,-45.96,-61.67,-65.80,-55.57,-63.94,-45.15,-49.34,-63.07,-52.99,-41.56,-59.88,-54.46,-54.63,-63.72,-55.85,-45.39,-57.59,2025-10-21 18:16:01+00:00
2025-10-21T18:17:01+00:00,-46.18,-61.98,-65.45,-55.43,-63.13,-45.19,-49.19,-62.81,-53.74,-41.31,-59.53,-54.63,-54.30,-63.51,-55.34,-44.60,-57.72,2025-10-21 18:17:01+00:00
2025-10-21T18:19:01+00:00,-47.05,-63.29,-65.29,-60.08,-63.95,-48.83,-49.35,-64.32,-53.71,-41.69,-60.26,-54.89,-54.57,-64.24,-53.84,-45.90,-57.95,2025-10-21 18:19:01+00:00
2025-10-21T18:21:01+00:00,-47.08,-63.20,-65.28,-60.53,-63.05,-49.12,-49.54,-65.41,-52.36,-42.10,-56.30,-54.53,-53.91,-64.12,-54.17,-46.55,-58.23,2025-10-21 18:21:01+00:00
2025-10-21T18:22:01+00:00,-47.26,-63.84,-66.65,-60.54,-63.05,-49.06,-49.38,-66.08,-53.01,-41.96,-61.42,-54.40,-54.02,-64.67,-54.00,-46.35,-57.19,2025-10-21 18:22:01+00:00
2025-10-21T18:24:01+00:00,-47.12,-63.80,-65.98,-60.50,-62.39,-46.86,-49.22,-65.32,-54.10,-42.04,-57.31,-54.21,-53.39,-64.40,-54.33,-45.78,-56.56,2025-10-21 18:24:01+00:00
2025-10-21T18:25:01+00:00,-47.14,-62.82,-66.26,-56.12,-63.53,-45.44,-49.84,-64.88,-54.34,-42.48,-56.63,-54.11,-53.57,-64.83,-56.41,-45.21,-57.82,2025-10-21 18:25:01+00:00
2025-10-21T18:27:01+00:00,-47.03,-60.61,-65.41,-55.55,-63.48,-44.55,-48.89,-63.77,-54.02,-42.75,-56.49,-56.50,-53.43,-63.45,-53.98,-45.71,-56.78,2025-10-21 18:27:01+00:00
2025-10-21T18:28:01+00:00,-46.94,-61.07,-66.02,-55.53,-63.86,-45.33,-49.03,-64.86,-52.85,-42.38,-56.87,-56.47,-53.44,-64.45,-54.91,-47.79,-58.02,2025-10-21 18:28:01+00:00
2025-10-21T18:30:01+00:00,-47.05,-61.56,-65.58,-55.16,-64.46,-45.31,-49.62,-64.39,-50.85,-42.45,-56.75,-55.69,-53.28,-64.17,-54.10,-47.90,-58.01,2025-10-21 18:30:01+00:00
2025-10-21T18:31:02+00:00,-47.40,-62.05,-66.15,-55.21,-64.11,-45.25,-49.63,-64.82,-50.68,-42.37,-56.81,-55.49,-52.98,-64.01,-54.07,-47.97,-57.51,2025-10-21 18:31:02+00:00
2025-10-21T18:33:01+00:00,-47.18,-62.49,-65.31,-54.80,-63.70,-45.49,-49.63,-64.30,-50.61,-42.96,-56.58,-55.46,-53.08,-63.51,-54.02,-47.31,-58.46,2025-10-21 18:33:01+00:00
2025-10-21T18:34:01+00:00,-47.34,-62.61,-65.62,-59.43,-64.15,-49.83,-49.88,-65.12,-50.80,-42.30,-56.43,-55.65,-53.14,-64.20,-52.38,-46.62,-55.95,2025-10-21 18:34:01+00:00
2025-10-21T18:36:02+00:00,-47.02,-62.14,-65.60,-59.14,-63.69,-49.65,-50.15,-64.02,-50.70,-41.44,-56.83,-55.03,-53.06,-63.86,-52.32,-46.50,-57.71,2025-10-21 18:36:02+00:00
2025-10-21T18:37:01+00:00,-47.25,-62.12,-66.54,-59.72,-63.58,-49.71,-50.32,-65.11,-50.73,-41.25,-57.93,-55.13,-52.76,-64.03,-52.53,-46.25,-57.81,2025-10-21 18:37:01+00:00
2025-10-21T18:39:01+00:00,-47.02,-59.64,-64.77,-57.27,-62.81,-50.00,-49.70,-63.67,-50.64,-41.46,-56.00,-55.18,-52.54,-63.37,-52.60,-46.84,-57.48,2025-10-21 18:39:01+00:00
2025-10-21T18:40:01+00:00,-47.22,-60.53,-65.16,-59.59,-62.82,-49.71,-49.79,-64.12,-50.75,-41.16,-55.63,-55.15,-52.78,-63.50,-53.28,-46.36,-57.71,2025-10-21 18:40:01+00:00
2025-10-21T18:42:01+00:00,-46.99,-60.77,-65.10,-55.87,-64.25,-45.70,-49.87,-63.64,-50.64,-41.41,-59.44,-54.80,-52.72,-63.73,-54.34,-46.14,-58.46,2025-10-21 18:42:01+00:00
2025-10-21T18:43:01+00:00,-47.38,-60.66,-64.37,-54.92,-54.68,-45.94,-50.40,-63.36,-50.55,-41.35,-59.68,-54.64,-52.35,-63.34,-54.94,-44.75,-58.32,2025-10-21 18:43:01+00:00
2025-10-21T18:45:01+00:00,-47.03,-60.90,-64.82,-54.79,-62.90,-45.39,-47.97,-63.56,-51.11,-41.29,-59.27,-54.38,-52.54,-62.91,-52.30,-45.44,-57.71,2025-10-21 18:45:01+00:00
2025-10-21T18:46:01+00:00,-47.06,-60.62,-65.44,-54.76,-62.03,-45.86,-50.01,-63.56,-51.05,-41.41,-59.21,-54.42,-52.46,-62.79,-51.90,-45.15,-56.97,2025-10-21 18:46:01+00:00
2025-10-21T18:48:01+00:00,-45.55,-60.70,-65.68,-54.61,-62.78,-45.66,-49.94,-63.34,-50.57,-40.97,-59.16,-54.51,-52.75,-63.85,-54.53,-44.41,-58.25,2025-10-21 18:48:01+00:00
2025-10-21T18:49:02+00:00,-45.48,-60.56,-64.96,-54.88,-62.97,-46.01,-50.14,-63.74,-50.55,-41.02,-57.91,-54.40,-52.73,-63.88,-54.42,-45.34,-56.21,2025-10-21 18:49:02+00:00
2025-10-21T18:51:01+00:00,-45.48,-62.01,-65.82,-59.57,-63.76,-50.51,-50.09,-64.61,-50.37,-40.75,-57.47,-54.43,-52.98,-64.10,-53.43,-45.61,-57.68,2025-10-21 18:51:01+00:00
2025-10-21T18:52:01+00:00,-45.57,-64.18,-65.70,-59.60,-61.65,-50.65,-50.25,-65.04,-50.32,-41.09,-57.84,-54.48,-52.90,-64.48,-53.27,-46.53,-57.78,2025-10-21 18:52:01+00:00
2025-10-21T18:54:02+00:00,-45.47,-63.80,-65.28,-59.73,-63.52,-50.72,-50.75,-64.99,-49.90,-41.18,-57.68,-54.30,-53.00,-64.18,-53.24,-47.64,-57.61,2025-10-21 18:54:02+00:00
2025-10-21T18:55:01+00:00,-45.56,-61.18,-65.49,-59.25,-63.23,-50.75,-50.86,-64.11,-49.82,-41.18,-57.09,-54.21,-53.10,-64.07,-53.40,-47.34,-57.62,2025-10-21 18:55:01+00:00
2025-10-21T18:57:01+00:00,-45.48,-61.47,-66.10,-59.37,-64.22,-50.50,-50.56,-64.42,-49.95,-40.93,-58.05,-54.22,-53.19,-64.27,-53.49,-49.65,-56.32,2025-10-21 18:57:01+00:00
2025-10-21T18:58:01+00:00,-45.48,-61.96,-65.33,-54.84,-62.60,-45.90,-50.54,-63.63,-50.59,-40.78,-57.86,-54.45,-53.11,-63.53,-54.05,-52.15,-57.13,2025-10-21 18:58:01+00:00
2025-10-21T19:00:01+00:00,-45.60,-62.93,-65.17,-55.49,-63.02,-46.07,-50.63,-64.02,-52.58,-41.31,-55.30,-54.33,-53.31,-63.38,-54.40,-52.14,-58.20,2025-10-21 19:00:01+00:00
2025-10-21T19:01:02+00:00,-45.44,-62.79,-65.71,-54.77,-62.57,-45.88,-50.73,-63.56,-52.76,-41.58,-55.49,-54.21,-53.20,-63.30,-52.92,-54.30,-57.96,2025-10-21 19:01:02+00:00
2025-10-21T19:03:01+00:00,-45.48,-61.59,-66.14,-54.83,-64.15,-46.01,-50.70,-64.20,-52.89,-42.14,-55.18,-54.08,-52.71,-62.99,-53.62,-55.43,-57.96,2025-10-21 19:03:01+00:00
2025-10-21T19:04:01+00:00,-45.59,-61.15,-65.99,-54.01,-62.08,-46.01,-50.64,-64.06,-53.00,-42.14,-55.07,-54.42,-52.85,-63.22,-53.53,-53.73,-57.73,2025-10-21 19:04:01+00:00
2025-10-21T19:06:01+00:00,-45.51,-63.66,-65.54,-54.89,-64.40,-45.29,-50.50,-63.36,-52.63,-41.76,-55.06,-54.39,-53.25,-63.73,-54.46,-56.03,-57.95,2025-10-21 19:06:01+00:00
2025-10-21T19:07:01+00:00,-45.57,-63.11,-65.31,-57.65,-62.67,-48.79,-51.16,-64.35,-52.27,-42.10,-54.54,-54.21,-53.34,-63.94,-54.24,-55.76,-57.23,2025-10-21 19:07:01+00:00
2025-10-21T19:09:01+00:00,-45.57,-62.17,-64.15,-59.58,-64.25,-51.10,-50.48,-64.25,-52.73,-41.87,-54.76,-54.18,-53.22,-63.91,-52.90,-55.02,-57.28,2025-10-21 19:09:01+00:00
2025-10-21T19:10:01+00:00,-45.46,-61.85,-62.92,-59.17,-62.52,-49.11,-50.49,-63.37,-52.54,-41.47,-54.67,-54.14,-53.36,-63.65,-52.87,-58.34,-57.59,2025-10-21 19:10:01+00:00
2025-10-21T19:12:01+00:00,-45.44,-61.34,-62.84,-59.31,-64.18,-49.65,-49.95,-63.41,-52.61,-41.37,-55.16,-54.22,-53.61,-63.92,-53.01,-58.17,-55.79,2025-10-21 19:12:01+00:00
2025-10-21T19:13:01+00:00,-45.19,-61.82,-62.34,-59.39,-63.36,-46.25,-49.96,-62.75,-52.39,-41.42,-55.16,-54.18,-53.69,-63.20,-53.36,-59.50,-57.43,2025-10-21 19:13:01+00:00
2025-10-21T19:15:01+00:00,-44.93,-61.16,-63.74,-55.90,-63.64,-45.61,-50.15,-62.86,-52.28,-41.05,-54.64,-54.24,-53.87,-63.38,-54.99,-56.22,-57.20,2025-10-21 19:15:01+00:00
2025-10-21T19:16:02+00:00,-45.71,-60.81,-63.46,-55.46,-62.87,-45.94,-50.10,-62.46,-52.30,-41.13,-54.88,-53.78,-53.84,-63.26,-55.22,-56.06,-55.79,2025-10-21 19:16:02+00:00
2025-10-21T19:18:01+00:00,-47.63,-63.47,-65.55,-55.28,-63.35,-45.84,-50.30,-63.05,-53.28,-40.75,-54.69,-53.31,-53.74,-63.36,-55.36,-55.20,-57.48,2025-10-21 19:18:01+00:00
2025-10-21T19:19:01+00:00,-47.81,-62.89,-64.64,-55.50,-62.77,-44.59,-50.32,-62.41,-53.11,-40.63,-54.60,-53.12,-53.69,-62.85,-54.40,-53.23,-57.81,2025-10-21 19:19:01+00:00
2025-10-21T19:21:02+00:00,-47.99,-63.75,-65.61,-55.64,-63.00,-45.76,-50.53,-63.19,-53.39,-40.67,-55.00,-51.71,-53.56,-63.56,-54.87,-51.21,-57.79,2025-10-21 19:21:02+00:00
2025-10-21T19:22:01+00:00,-47.54,-61.92,-64.45,-55.41,-61.76,-45.82,-50.25,-62.52,-53.44,-40.53,-54.03,-50.40,-53.67,-63.38,-54.73,-49.79,-57.79,2025-10-21 19:22:01+00:00
2025-10-21T19:24:01+00:00,-47.71,-61.44,-64.27,-59.49,-63.08,-50.40,-50.55,-63.12,-54.60,-40.96,-54.54,-51.85,-53.79,-63.48,-53.01,-50.17,-56.44,2025-10-21 19:24:01+00:00
2025-10-21T19:25:01+00:00,-47.75,-62.28,-64.11,-59.18,-62.42,-50.36,-50.28,-63.11,-54.96,-41.38,-54.51,-54.64,-53.84,-63.07,-53.10,-49.66,-57.63,2025-10-21 19:25:01+00:00
2025-10-21T19:27:01+00:00,-47.57,-62.35,-64.67,-60.14,-62.89,-50.27,-50.31,-63.30,-55.00,-41.40,-56.16,-54.45,-53.80,-63.70,-52.97,-48.12,-57.17,2025-10-21 19:27:01+00:00
2025-10-21T19:28:01+00:00,-47.54,-61.00,-63.49,-59.82,-62.05,-50.14,-50.40,-61.97,-53.32,-41.25,-56.45,-54.16,-53.86,-63.05,-52.98,-47.63,-57.23,2025-10-21 19:28:01+00:00
2025-10-21T19:30:01+00:00,-47.58,-61.29,-64.38,-55.56,-62.82,-45.70,-49.95,-62.80,-51.20,-41.37,-55.92,-54.22,-53.91,-63.41,-55.30,-47.51,-58.04,2025-10-21 19:30:01+00:00
2025-10-21T19:31:02+00:00,-47.84,-62.87,-62.98,-55.37,-62.32,-45.72,-49.95,-62.68,-51.12,-41.39,-56.20,-54.33,-53.85,-63.21,-55.67,-47.18,-56.99,2025-10-21 19:31:02+00:00
2025-10-21T19:33:01+00:00,-47.44,-63.78,-64.59,-55.87,-64.04,-45.57,-49.67,-62.88,-51.13,-40.79,-56.12,-54.47,-65.43,-63.46,-55.53,-47.30,-58.18,2025-10-21 19:33:01+00:00
2025-10-21T19:34:02+00:00,-47.07,-63.71,-65.11,-56.00,-63.06,-45.44,-49.87,-62.23,-50.99,-40.66,-56.17,-54.09,-65.51,-63.34,-53.14,-46.12,-58.23,2025-10-21 19:34:02+00:00
2025-10-21T19:36:01+00:00,-46.90,-61.60,-64.15,-55.20,-62.67,-45.51,-49.56,-63.05,-51.00,-41.31,-56.32,-54.23,-65.20,-63.52,-55.71,-48.51,-57.03,2025-10-21 19:36:01+00:00
2025-10-21T19:37:01+00:00,-46.54,-61.98,-63.43,-56.24,-61.74,-45.39,-49.86,-62.83,-51.13,-41.42,-56.10,-54.08,-65.01,-63.32,-55.28,-49.26,-57.96,2025-10-21 19:37:01+00:00
2025-10-21T19:39:02+00:00,-46.36,-62.27,-62.51,-56.02,-62.69,-45.23,-49.44,-62.26,-51.11,-41.75,-56.05,-53.99,-64.35,-62.14,-55.36,-50.53,-56.41,2025-10-21 19:39:02+00:00
2025-10-21T19:40:01+00:00,-46.74,-62.87,-63.23,-59.50,-62.24,-49.01,-49.64,-63.46,-51.25,-41.35,-55.94,-53.89,-65.17,-63.19,-53.38,-50.82,-56.57,2025-10-21 19:40:01+00:00
2025-10-21T19:42:01+00:00,-47.36,-61.04,-64.14,-60.28,-63.04,-48.83,-49.67,-63.87,-51.28,-40.29,-55.87,-53.92,-64.51,-63.79,-53.16,-53.02,-56.68,2025-10-21 19:42:01+00:00
2025-10-21T19:43:01+00:00,-48.23,-61.08,-63.19,-59.87,-62.80,-48.72,-49.80,-63.38,-50.95,-40.43,-56.00,-53.70,-64.78,-63.64,-53.20,-53.85,-57.64,2025-10-21 19:43:01+00:00
2025-10-21T19:45:01+00:00,-51.88,-63.99,-65.85,-60.39,-62.63,-48.84,-49.57,-64.40,-52.80,-39.42,-55.70,-53.89,-66.12,-64.43,-53.16,-56.49,-58.07,2025-10-21 19:45:01+00:00
2025-10-21T19:46:01+00:00,-52.47,-64.09,-65.32,-56.14,-62.05,-45.94,-49.45,-63.17,-52.65,-39.14,-55.42,-53.64,-65.32,-63.56,-55.24,-54.97,-58.40,2025-10-21 19:46:01+00:00
2025-10-21T19:48:01+00:00,-48.17,-62.00,-64.51,-56.23,-63.49,-45.63,-49.82,-63.49,-51.82,-39.67,-55.74,-53.64,-66.16,-63.91,-55.55,-51.46,-58.49,2025-10-21 19:48:01+00:00
2025-10-21T19:49:02+00:00,-47.89,-62.55,-63.53,-56.56,-61.54,-45.63,-49.66,-63.35,-51.56,-40.35,-56.28,-53.72,-65.33,-63.56,-54.78,-49.54,-58.46,2025-10-21 19:49:02+00:00
2025-10-21T19:51:01+00:00,-47.25,-62.92,-63.98,-56.12,-63.57,-45.63,-49.55,-63.57,-51.62,-40.29,-56.12,-53.53,-65.70,-63.58,-55.71,-47.29,-58.40,2025-10-21 19:51:01+00:00
2025-10-21T19:52:01+00:00,-47.49,-62.81,-63.20,-56.24,-61.77,-45.56,-49.51,-63.40,-51.46,-40.19,-55.92,-53.52,-64.56,-63.50,-55.52,-47.36,-58.25,2025-10-21 19:52:01+00:00
2025-10-21T19:54:02+00:00,-46.50,-61.10,-62.57,-56.60,-64.46,-45.49,-49.41,-63.41,-50.90,-40.54,-55.74,-53.52,-64.13,-63.89,-55.71,-48.13,-57.23,2025-10-21 19:54:02+00:00
2025-10-21T19:55:01+00:00,-46.38,-61.12,-63.78,-60.15,-62.29,-48.68,-49.72,-63.81,-50.83,-40.56,-55.71,-53.45,-65.09,-63.55,-53.67,-48.82,-56.62,2025-10-21 19:55:01+00:00
2025-10-21T19:57:01+00:00,-46.91,-63.26,-64.24,-60.37,-62.71,-48.62,-49.82,-64.08,-51.13,-40.51,-55.95,-53.30,-65.82,-63.69,-53.57,-48.80,-57.49,2025-10-21 19:57:01+00:00
2025-10-21T19:58:01+00:00,-47.70,-64.22,-64.25,-60.67,-62.36,-48.46,-49.91,-64.08,-51.72,-41.31,-56.32,-53.18,-65.95,-63.74,-53.59,-48.26,-58.09,2025-10-21 19:58:01+00:00
2025-10-21T20:00:01+00:00,-47.10,-62.57,-65.68,-60.18,-63.38,-48.64,-50.06,-64.17,-54.64,-41.88,-56.30,-53.27,-66.60,-63.53,-52.33,-47.16,-57.75,2025-10-21 20:00:01+00:00
2025-10-21T20:01:01+00:00,-47.12,-61.25,-63.34,-56.15,-61.56,-45.58,-49.72,-62.80,-54.53,-42.14,-55.78,-52.97,-64.78,-63.24,-55.37,-47.72,-56.64,2025-10-21 20:01:01+00:00
2025-10-21T20:03:01+00:00,-47.13,-62.68,-65.32,-56.02,-64.01,-45.42,-49.74,-63.63,-54.72,-42.57,-56.15,-53.29,-66.29,-63.91,-55.90,-46.19,-58.35,2025-10-21 20:03:01+00:00
2025-10-21T20:04:01+00:00,-47.32,-63.21,-63.77,-56.24,-62.12,-45.43,-50.51,-63.79,-54.64,-42.76,-56.55,-53.09,-65.78,-63.72,-55.68,-44.74,-58.06,2025-10-21 20:04:01+00:00
2025-10-21T20:06:01+00:00,-47.28,-61.51,-65.11,-57.34,-63.40,-45.09,-50.54,-64.63,-54.77,-42.87,-56.74,-53.15,-67.52,-64.14,-56.35,-45.03,-59.47,2025-10-21 20:06:01+00:00
2025-10-21T20:07:01+00:00,-47.11,-61.62,-64.96,-56.98,-62.30,-45.14,-50.58,-64.50,-54.77,-42.77,-57.18,-53.02,-66.62,-63.93,-55.90,-45.64,-59.02,2025-10-21 20:07:01+00:00
2025-10-21T20:09:01+00:00,-47.50,-65.26,-65.59,-57.22,-62.92,-45.14,-50.32,-65.18,-54.87,-42.65,-55.18,-53.11,-68.34,-64.47,-55.89,-45.39,-59.27,2025-10-21 20:09:01+00:00
2025-10-21T20:10:02+00:00,-47.86,-63.83,-63.75,-59.71,-62.12,-48.90,-49.79,-64.23,-54.23,-42.58,-54.88,-52.85,-65.44,-63.36,-54.13,-45.86,-58.11,2025-10-21 20:10:02+00:00
2025-10-21T20:12:01+00:00,-47.62,-62.75,-64.53,-60.39,-62.56,-49.06,-49.90,-63.87,-54.35,-41.33,-55.20,-52.61,-65.35,-63.55,-53.05,-45.52,-57.83,2025-10-21 20:12:01+00:00
2025-10-21T20:14:01+00:00,-47.63,-62.75,-65.04,-60.25,-60.69,-49.31,-49.74,-63.87,-54.49,-41.48,-54.88,-52.49,-65.72,-63.59,-53.29,-44.83,-56.82,2025-10-21 20:14:01+00:00
2025-10-21T20:15:01+00:00,-47.73,-63.54,-65.05,-60.28,-63.46,-49.43,-49.72,-63.19,-54.36,-42.40,-54.69,-52.41,-65.54,-63.24,-53.35,-44.15,-57.85,2025-10-21 20:15:01+00:00
2025-10-21T20:17:01+00:00,-47.73,-63.18,-63.47,-56.12,-61.48,-45.44,-49.53,-63.07,-54.41,-42.42,-54.54,-52.02,-65.21,-63.17,-56.09,-44.00,-58.11,2025-10-21 20:17:01+00:00
2025-10-21T20:18:01+00:00,-50.23,-62.57,-61.41,-57.02,-62.09,-45.07,-49.48,-63.48,-56.16,-41.68,-54.58,-52.13,-65.01,-63.69,-55.86,-43.36,-55.36,2025-10-21 20:18:01+00:00
2025-10-21T20:20:01+00:00,-51.17,-63.49,-64.37,-56.64,-60.54,-45.18,-49.34,-63.47,-56.43,-41.25,-54.49,-52.17,-65.74,-63.56,-55.82,-42.67,-58.15,2025-10-21 20:20:01+00:00
2025-10-21T20:21:01+00:00,-50.86,-63.31,-63.91,-56.49,-62.22,-45.20,-49.46,-63.14,-56.41,-40.70,-53.82,-52.17,-65.40,-62.99,-53.65,-42.33,-58.34,2025-10-21 20:21:01+00:00
2025-10-21T20:23:01+00:00,-49.08,-63.23,-63.54,-56.19,-61.75,-44.92,-49.01,-63.11,-60.24,-40.41,-54.68,-52.23,-65.70,-63.21,-55.64,-41.77,-57.78,2025-10-21 20:23:01+00:00
2025-10-21T20:24:02+00:00,-49.15,-62.90,-64.96,-55.14,-62.72,-45.28,-48.56,-63.65,-59.44,-40.56,-54.51,-52.50,-65.44,-63.32,-56.23,-41.82,-57.74,2025-10-21 20:24:02+00:00
2025-10-21T20:26:01+00:00,-48.91,-64.35,-65.14,-58.68,-61.92,-49.22,-49.01,-64.39,-59.96,-40.19,-54.54,-52.32,-66.11,-63.18,-53.79,-42.99,-57.77,2025-10-21 20:26:01+00:00
2025-10-21T20:27:01+00:00,-49.32,-64.54,-64.76,-58.65,-63.67,-49.56,-48.98,-64.70,-56.01,-40.24,-54.56,-52.28,-66.64,-63.17,-54.02,-43.92,-57.87,2025-10-21 20:27:01+00:00
2025-10-21T20:29:02+00:00,-50.30,-63.38,-63.82,-58.67,-62.04,-49.10,-49.43,-63.99,-52.22,-40.86,-54.71,-52.44,-65.97,-62.93,-53.95,-44.53,-57.68,2025-10-21 20:29:02+00:00
2025-10-21T20:30:01+00:00,-50.07,-63.74,-64.37,-59.04,-62.81,-49.00,-49.44,-64.52,-52.35,-40.71,-54.62,-52.53,-66.33,-63.98,-53.58,-44.97,-57.78,2025-10-21 20:30:01+00:00
2025-10-21T20:32:01+00:00,-49.92,-63.96,-64.23,-55.86,-61.59,-46.18,-49.01,-63.32,-52.32,-40.23,-54.83,-52.50,-66.16,-63.38,-55.34,-44.49,-56.52,2025-10-21 20:32:01+00:00
2025-10-21T20:33:01+00:00,-49.43,-63.95,-64.28,-55.97,-63.64,-46.34,-48.94,-63.50,-52.24,-40.11,-54.83,-52.56,-66.40,-62.98,-53.66,-43.91,-58.34,2025-10-21 20:33:01+00:00
2025-10-21T20:35:01+00:00,-49.72,-64.37,-65.76,-55.89,-62.09,-46.23,-49.56,-63.89,-52.28,-40.81,-54.70,-52.61,-65.46,-63.14,-55.70,-44.66,-58.24,2025-10-21 20:35:01+00:00
2025-10-21T20:36:02+00:00,-49.98,-64.32,-65.78,-56.05,-62.28,-46.08,-49.50,-63.45,-52.22,-40.41,-55.56,-52.67,-65.93,-62.94,-54.16,-45.60,-58.40,2025-10-21 20:36:02+00:00
2025-10-21T20:38:01+00:00,-49.37,-63.44,-64.19,-56.00,-59.45,-46.10,-49.45,-63.41,-51.95,-40.75,-57.09,-52.30,-61.94,-62.94,-56.12,-45.65,-57.60,2025-10-21 20:38:01+00:00
2025-10-21T20:39:01+00:00,-49.34,-63.72,-62.26,-53.07,-61.91,-45.97,-48.86,-63.17,-52.05,-40.28,-56.73,-52.42,-65.08,-59.16,-56.13,-44.98,-58.37,2025-10-21 20:39:01+00:00
2025-10-21T20:41:02+00:00,-50.25,-63.79,-64.11,-55.74,-62.28,-46.18,-49.00,-63.36,-52.33,-39.74,-58.00,-52.32,-65.60,-62.22,-52.94,-45.06,-58.41,2025-10-21 20:41:02+00:00
2025-10-21T20:42:01+00:00,-51.29,-63.62,-63.73,-58.22,-62.10,-51.77,-49.08,-62.64,-52.32,-39.69,-57.75,-52.35,-65.59,-63.19,-51.32,-46.14,-57.86,2025-10-21 20:42:01+00:00
2025-10-21T20:44:01+00:00,-51.12,-62.98,-63.70,-60.30,-60.75,-52.13,-49.29,-63.67,-52.43,-39.67,-57.52,-52.43,-65.08,-62.30,-53.45,-45.31,-55.75,2025-10-21 20:44:01+00:00
2025-10-21T20:45:01+00:00,-50.51,-64.71,-64.01,-60.12,-62.73,-52.25,-49.33,-64.31,-52.33,-39.62,-57.25,-52.58,-65.37,-63.56,-53.06,-45.14,-57.68,2025-10-21 20:45:01+00:00
2025-10-21T20:47:01+00:00,-50.28,-65.08,-66.06,-60.09,-62.43,-52.26,-47.05,-64.79,-52.37,-39.92,-57.29,-52.27,-66.28,-63.95,-53.06,-45.44,-57.90,2025-10-21 20:47:01+00:00
2025-10-21T20:48:01+00:00,-48.16,-64.53,-65.67,-55.99,-60.88,-46.09,-49.26,-63.82,-51.85,-39.70,-57.03,-52.29,-65.96,-63.45,-55.17,-45.36,-58.33,2025-10-21 20:48:01+00:00
2025-10-21T20:50:01+00:00,-47.92,-64.83,-63.96,-56.02,-63.11,-46.01,-49.56,-63.79,-51.92,-39.52,-56.85,-52.39,-65.27,-63.72,-55.90,-44.37,-58.58,2025-10-21 20:50:01+00:00
2025-10-21T20:51:02+00:00,-47.80,-63.58,-63.92,-56.30,-61.10,-46.36,-49.24,-63.17,-51.82,-39.55,-56.91,-52.37,-65.32,-62.90,-54.06,-43.90,-57.95,2025-10-21 20:51:02+00:00
2025-10-21T20:53:01+00:00,-48.00,-64.61,-63.88,-55.18,-64.45,-46.29,-49.08,-63.40,-51.11,-39.05,-57.05,-52.26,-66.22,-62.69,-56.02,-43.64,-57.49,2025-10-21 20:53:01+00:00
2025-10-21T20:54:02+00:00,-48.00,-64.05,-63.79,-55.78,-63.33,-46.34,-49.06,-63.11,-51.07,-38.93,-56.65,-52.39,-65.47,-63.29,-55.76,-43.77,-58.04,2025-10-21 20:54:02+00:00
2025-10-21T20:56:01+00:00,-46.52,-64.72,-65.06,-54.65,-64.10,-46.33,-49.12,-63.30,-51.03,-39.20,-56.58,-52.35,-65.63,-63.20,-55.64,-44.77,-58.81,2025-10-21 20:56:01+00:00
2025-10-21T20:57:01+00:00,-47.57,-64.54,-64.49,-53.93,-62.75,-46.38,-48.99,-63.35,-51.97,-38.93,-56.54,-52.28,-64.68,-62.98,-53.74,-45.45,-58.87,2025-10-21 20:57:01+00:00
2025-10-21T20:59:01+00:00,-47.97,-64.41,-64.58,-57.23,-63.29,-50.47,-48.79,-64.14,-55.22,-61.64,-56.66,-52.43,-65.37,-63.02,-47.53,-44.70,-58.40,2025-10-21 20:59:01+00:00
2025-10-21T21:00:01+00:00,-47.36,-65.42,-65.17,-60.18,-62.98,-50.57,-49.36,-64.10,-55.59,-60.30,-56.65,-52.65,-65.04,-64.10,-51.73,-44.00,-58.30,2025-10-21 21:00:01+00:00
2025-10-21T21:02:02+00:00,-46.63,-64.85,-64.53,-59.51,-64.11,-50.31,-48.89,-64.28,-55.90,-61.83,-56.26,-52.58,-64.79,-63.85,-46.05,-43.76,-58.53,2025-10-21 21:02:02+00:00
2025-10-21T21:03:01+00:00,-46.92,-64.67,-64.62,-58.65,-62.45,-49.90,-46.67,-63.66,-55.88,-61.37,-56.09,-52.61,-64.94,-63.45,-46.27,-43.86,-58.34,2025-10-21 21:03:01+00:00
2025-10-21T21:05:01+00:00,-48.12,-63.99,-63.95,-55.13,-62.96,-45.98,-48.80,-62.92,-55.76,-61.81,-54.33,-52.62,-65.47,-63.83,-53.00,-44.34,-56.05,2025-10-21 21:05:01+00:00
2025-10-21T21:06:02+00:00,-48.07,-64.27,-65.29,-56.15,-63.05,-45.24,-48.57,-62.34,-53.59,-56.44,-52.35,-52.42,-64.77,-63.53,-52.94,-44.11,-58.25,2025-10-21 21:06:02+00:00
2025-10-21T21:08:01+00:00,-48.06,-64.75,-65.77,-55.61,-63.80,-45.38,-48.90,-62.57,-54.11,-58.07,-52.93,-52.67,-65.63,-64.00,-53.31,-43.78,-57.39,2025-10-21 21:08:01+00:00
2025-10-21T21:09:01+00:00,-48.30,-64.19,-65.67,-55.69,-62.19,-45.56,-49.09,-63.69,-55.44,-62.27,-54.09,-52.46,-65.60,-63.02,-52.89,-42.97,-58.49,2025-10-21 21:09:01+00:00
2025-10-21T21:11:02+00:00,-48.55,-64.15,-64.24,-55.40,-63.67,-45.52,-49.25,-63.26,-55.42,-62.19,-53.64,-52.50,-66.08,-63.41,-53.02,-43.41,-58.67,2025-10-21 21:11:02+00:00
2025-10-21T21:12:01+00:00,-47.24,-62.76,-63.22,-55.50,-63.01,-45.82,-49.49,-62.84,-55.18,-60.69,-53.24,-52.58,-61.95,-63.07,-53.37,-43.53,-56.28,2025-10-21 21:12:01+00:00
2025-10-21T21:14:01+00:00,-47.71,-64.74,-64.48,-59.29,-62.96,-50.64,-49.21,-64.78,-55.54,-62.48,-52.61,-52.47,-66.41,-63.73,-47.68,-43.93,-58.04,2025-10-21 21:14:01+00:00
2025-10-21T21:15:01+00:00,-47.32,-63.90,-64.16,-57.71,-62.17,-50.59,-49.26,-64.11,-55.34,-62.32,-52.65,-52.43,-66.14,-63.74,-48.17,-43.74,-57.91,2025-10-21 21:15:01+00:00
2025-10-21T21:17:01+00:00,-48.29,-63.69,-65.52,-57.95,-62.74,-50.66,-49.30,-64.09,-55.56,-62.05,-52.47,-52.37,-65.20,-64.15,-49.11,-44.88,-57.96,2025-10-21 21:17:01+00:00
2025-10-21T21:18:01+00:00,-48.89,-63.44,-65.84,-60.08,-62.70,-50.54,-49.74,-63.52,-56.79,-61.96,-53.50,-52.48,-65.94,-63.33,-48.58,-44.35,-58.14,2025-10-21 21:18:01+00:00
2025-10-21T21:20:01+00:00,-49.53,-63.97,-64.69,-58.53,-63.37,-50.34,-49.69,-63.91,-56.48,-61.91,-53.31,-52.51,-65.63,-63.84,-49.71,-44.08,-58.37,2025-10-21 21:20:01+00:00
2025-10-21T21:21:02+00:00,-50.94,-63.49,-63.08,-54.83,-62.54,-45.96,-49.43,-62.87,-56.32,-61.94,-53.20,-52.56,-64.83,-63.65,-54.26,-43.41,-57.31,2025-10-21 21:21:02+00:00
2025-10-21T21:23:01+00:00,-51.37,-64.07,-63.84,-55.34,-62.76,-46.13,-49.16,-63.65,-59.61,-61.88,-53.24,-52.64,-65.55,-63.98,-53.94,-42.87,-58.42,2025-10-21 21:23:01+00:00
2025-10-21T21:24:01+00:00,-50.69,-62.64,-63.22,-54.87,-62.04,-45.75,-49.22,-63.04,-58.73,-60.51,-52.73,-52.52,-64.23,-63.74,-54.76,-43.12,-55.61,2025-10-21 21:24:01+00:00
2025-10-21T21:26:02+00:00,-50.89,-63.55,-63.91,-55.05,-61.41,-46.40,-49.44,-63.33,-59.27,-62.26,-52.79,-52.63,-65.59,-63.74,-54.89,-42.51,-58.28,2025-10-21 21:26:02+00:00
2025-10-21T21:27:01+00:00,-51.03,-63.34,-65.25,-55.57,-62.69,-46.49,-49.24,-63.72,-55.83,-62.08,-52.68,-52.45,-65.37,-63.77,-54.73,-42.13,-58.23,2025-10-21 21:27:01+00:00
2025-10-21T21:29:01+00:00,-51.33,-63.81,-64.10,-54.81,-63.61,-46.25,-48.93,-63.20,-52.15,-58.24,-52.72,-52.55,-64.98,-63.68,-54.38,-43.38,-56.74,2025-10-21 21:29:01+00:00
2025-10-21T21:30:01+00:00,-51.50,-63.48,-63.81,-57.28,-61.81,-52.29,-49.06,-63.91,-52.30,-50.19,-52.75,-52.68,-64.89,-63.73,-50.89,-44.19,-57.69,2025-10-21 21:30:01+00:00
2025-10-21T21:32:01+00:00,-50.90,-63.87,-63.71,-57.90,-58.40,-52.33,-49.12,-64.33,-52.13,-55.29,-52.80,-52.55,-65.37,-63.95,-49.97,-44.52,-58.00,2025-10-21 21:32:01+00:00
2025-10-21T21:33:01+00:00,-50.73,-63.31,-63.40,-60.38,-62.21,-52.53,-49.31,-63.88,-52.32,-43.24,-52.82,-52.53,-65.37,-63.32,-49.34,-44.54,-57.58,2025-10-21 21:33:01+00:00
2025-10-21T21:35:01+00:00,-49.86,-62.37,-63.34,-59.92,-62.25,-52.57,-49.37,-64.02,-52.16,-41.67,-52.75,-52.76,-64.95,-63.62,-50.01,-45.13,-53.46,2025-10-21 21:35:01+00:00
2025-10-21T21:36:01+00:00,-49.41,-61.19,-60.54,-57.79,-59.86,-52.26,-49.19,-60.55,-51.82,-42.22,-52.83,-52.53,-62.94,-62.40,-49.85,-45.85,-52.32,2025-10-21 21:36:01+00:00
2025-10-21T21:38:01+00:00,-50.15,-63.41,-65.17,-55.52,-63.40,-46.85,-49.10,-63.62,-52.14,-42.45,-53.23,-53.10,-65.15,-63.91,-54.70,-45.15,-53.52,2025-10-21 21:38:01+00:00
2025-10-21T21:39:02+00:00,-50.94,-63.04,-64.22,-55.03,-57.10,-47.19,-48.96,-62.79,-52.18,-41.96,-53.33,-52.97,-64.55,-63.38,-54.71,-44.39,-53.57,2025-10-21 21:39:02+00:00
2025-10-21T21:41:01+00:00,-50.51,-64.09,-64.13,-55.21,-63.34,-46.93,-48.95,-63.44,-52.23,-41.87,-52.27,-52.77,-65.35,-63.49,-55.01,-44.37,-52.66,2025-10-21 21:41:01+00:00
2025-10-21T21:42:01+00:00,-50.74,-63.62,-64.12,-55.76,-63.05,-46.96,-49.03,-63.50,-52.33,-61.86,-52.30,-52.61,-65.10,-63.56,-54.78,-44.26,-52.71,2025-10-21 21:42:01+00:00
2025-10-21T21:44:02+00:00,-50.58,-62.23,-64.12,-56.24,-64.26,-46.69,-48.84,-63.32,-52.16,-61.64,-52.24,-52.49,-65.03,-63.35,-55.03,-44.37,-52.62,2025-10-21 21:44:02+00:00
2025-10-21T21:45:01+00:00,-49.65,-63.19,-63.57,-55.04,-60.59,-46.85,-48.70,-63.15,-52.13,-45.53,-52.09,-52.42,-64.40,-63.10,-55.30,-44.56,-52.73,2025-10-21 21:45:01+00:00
2025-10-21T21:47:01+00:00,-47.00,-63.62,-63.74,-58.01,-62.50,-51.43,-48.75,-64.12,-51.93,-42.16,-52.13,-52.75,-64.77,-63.47,-51.49,-42.99,-52.76,2025-10-21 21:47:01+00:00
2025-10-21T21:48:01+00:00,-46.41,-63.37,-64.79,-59.15,-62.08,-51.29,-48.76,-64.14,-51.76,-41.26,-52.29,-53.02,-65.04,-63.45,-51.09,-42.89,-52.67,2025-10-21 21:48:01+00:00
2025-10-21T21:50:01+00:00,-46.60,-63.24,-64.69,-58.08,-57.35,-51.35,-48.58,-64.07,-51.63,-42.04,-52.44,-53.03,-65.00,-63.68,-51.56,-41.68,-52.80,2025-10-21 21:50:01+00:00
2025-10-21T21:51:01+00:00,-47.38,-63.48,-64.04,-58.12,-62.08,-49.63,-48.87,-64.13,-51.60,-42.49,-52.53,-53.15,-64.73,-63.40,-51.45,-41.72,-54.24,2025-10-21 21:51:01+00:00
2025-10-21T21:53:01+00:00,-48.45,-64.01,-63.58,-55.17,-62.25,-46.29,-48.32,-63.57,-51.04,-41.97,-53.02,-53.32,-64.96,-63.52,-55.36,-42.77,-54.33,2025-10-21 21:53:01+00:00
2025-10-21T21:54:02+00:00,-48.57,-63.89,-63.38,-55.72,-61.15,-46.38,-48.53,-63.40,-51.01,-41.58,-52.96,-53.22,-64.77,-63.60,-55.38,-42.75,-54.35,2025-10-21 21:54:02+00:00
2025-10-21T21:56:01+00:00,-48.83,-62.94,-63.50,-55.29,-62.69,-46.18,-48.47,-62.46,-51.00,-41.89,-52.85,-53.39,-64.70,-63.54,-55.27,-41.79,-52.88,2025-10-21 21:56:01+00:00
2025-10-21T21:57:02+00:00,-48.87,-61.84,-63.47,-56.33,-61.68,-46.20,-48.66,-63.10,-52.17,-41.89,-52.92,-53.38,-65.17,-63.33,-55.50,-42.35,-52.88,2025-10-21 21:57:02+00:00
2025-10-21T21:59:01+00:00,-46.57,-63.11,-64.77,-56.06,-62.00,-45.99,-48.59,-62.51,-55.77,-41.88,-53.84,-52.94,-65.71,-63.59,-55.23,-41.47,-57.93,2025-10-21 21:59:01+00:00
2025-10-21T22:00:01+00:00,-47.82,-63.52,-64.69,-55.29,-58.25,-45.90,-48.22,-62.85,-55.49,-41.75,-53.70,-52.92,-64.84,-63.72,-55.91,-41.27,-58.66,2025-10-21 22:00:01+00:00
2025-10-21T22:02:01+00:00,-47.05,-62.91,-63.91,-55.15,-57.25,-45.75,-48.29,-63.18,-55.73,-42.06,-53.67,-52.88,-64.89,-63.90,-55.64,-41.35,-55.62,2025-10-21 22:02:01+00:00
2025-10-21T22:03:01+00:00,-47.35,-62.60,-64.06,-58.58,-59.36,-49.82,-48.33,-63.71,-55.71,-42.28,-53.89,-52.72,-65.45,-64.08,-50.74,-41.96,-57.96,2025-10-21 22:03:01+00:00
2025-10-21T22:05:01+00:00,-47.34,-63.39,-63.89,-57.99,-62.61,-50.08,-49.62,-64.09,-55.81,-42.48,-53.57,-52.39,-65.11,-63.97,-51.32,-42.34,-58.03,2025-10-21 22:05:01+00:00
2025-10-21T22:06:01+00:00,-47.31,-62.83,-63.75,-57.53,-61.89,-50.00,-46.30,-63.34,-55.73,-42.58,-53.53,-52.33,-65.38,-63.59,-50.83,-43.03,-58.36,2025-10-21 22:06:01+00:00
2025-10-21T22:08:01+00:00,-47.62,-64.56,-65.23,-58.34,-63.49,-50.28,-48.04,-64.36,-55.85,-41.56,-53.62,-52.53,-65.79,-64.23,-51.47,-42.66,-58.59,2025-10-21 22:08:01+00:00
2025-10-21T22:09:01+00:00,-47.53,-63.41,-64.61,-55.01,-61.80,-46.16,-47.99,-62.86,-55.22,-41.57,-53.61,-52.68,-64.96,-63.44,-55.21,-42.27,-58.06,2025-10-21 22:09:01+00:00
2025-10-21T22:11:01+00:00,-47.53,-60.65,-63.43,-55.07,-58.39,-46.24,-47.78,-61.85,-54.81,-41.89,-53.50,-52.82,-64.24,-63.13,-55.84,-41.59,-54.85,2025-10-21 22:11:01+00:00
2025-10-21T22:12:02+00:00,-47.38,-63.72,-63.65,-55.83,-62.04,-46.24,-48.40,-63.29,-55.51,-41.24,-53.65,-52.62,-65.03,-63.30,-55.24,-41.66,-55.00,2025-10-21 22:12:02+00:00
2025-10-21T22:14:01+00:00,-47.58,-64.01,-64.28,-56.19,-63.02,-45.99,-48.65,-63.76,-55.49,-41.63,-53.95,-52.79,-66.07,-63.64,-55.29,-41.74,-52.74,2025-10-21 22:14:01+00:00
2025-10-21T22:15:01+00:00,-46.88,-62.51,-63.55,-55.07,-61.67,-46.01,-48.42,-63.08,-55.20,-42.22,-53.63,-52.82,-65.31,-63.44,-55.53,-42.25,-52.65,2025-10-21 22:15:01+00:00
2025-10-21T22:17:01+00:00,-50.42,-63.91,-65.02,-55.34,-62.96,-46.02,-48.53,-63.22,-55.76,-42.64,-52.62,-52.78,-65.46,-63.78,-55.37,-42.28,-52.78,2025-10-21 22:17:01+00:00
2025-10-21T22:18:01+00:00,-50.49,-64.82,-65.26,-57.50,-59.93,-51.20,-48.75,-64.30,-56.26,-42.71,-52.61,-52.70,-65.26,-63.68,-51.50,-41.72,-55.10,2025-10-21 22:18:01+00:00
2025-10-21T22:20:01+00:00,-48.83,-63.07,-64.84,-60.59,-63.42,-52.23,-49.18,-62.60,-56.30,-43.31,-52.35,-52.21,-63.37,-63.56,-51.20,-41.56,-54.24,2025-10-21 22:20:01+00:00
2025-10-21T22:21:01+00:00,-50.42,-64.34,-64.92,-59.94,-62.66,-52.22,-49.09,-63.67,-56.41,-42.85,-52.40,-52.01,-65.81,-63.83,-50.99,-41.46,-52.67,2025-10-21 22:21:01+00:00
2025-10-21T22:23:01+00:00,-50.44,-64.00,-64.96,-59.96,-61.98,-52.89,-48.79,-63.89,-59.20,-42.21,-52.45,-52.16,-65.85,-63.69,-50.89,-42.08,-52.66,2025-10-21 22:23:01+00:00
2025-10-21T22:24:01+00:00,-49.71,-62.85,-64.71,-59.95,-61.09,-52.74,-48.81,-63.44,-58.91,-42.73,-52.24,-52.28,-65.45,-63.71,-52.39,-42.77,-54.08,2025-10-21 22:24:01+00:00
2025-10-21T22:26:01+00:00,-50.04,-62.61,-64.73,-55.73,-60.98,-47.11,-49.08,-62.66,-58.74,-43.01,-52.47,-52.59,-65.63,-63.54,-55.07,-43.40,-54.03,2025-10-21 22:26:01+00:00
2025-10-21T22:27:01+00:00,-49.62,-64.14,-65.51,-56.47,-62.18,-47.16,-49.25,-63.23,-55.49,-42.88,-52.43,-52.63,-65.95,-63.59,-55.21,-43.31,-55.00,2025-10-21 22:27:01+00:00
2025-10-21T22:29:01+00:00,-47.59,-64.18,-64.68,-55.98,-61.82,-47.11,-49.16,-62.87,-52.15,-41.76,-52.55,-52.37,-65.73,-63.06,-54.55,-43.01,-52.75,2025-10-21 22:29:01+00:00
2025-10-21T22:30:02+00:00,-47.70,-64.19,-65.01,-55.96,-62.00,-46.86,-49.04,-62.93,-52.15,-41.64,-52.68,-52.33,-65.73,-63.63,-54.54,-42.62,-55.06,2025-10-21 22:30:02+00:00
2025-10-21T22:32:01+00:00,-48.36,-64.20,-64.89,-55.80,-62.15,-46.87,-48.77,-63.61,-52.16,-41.02,-52.71,-52.48,-65.46,-62.75,-53.52,-43.93,-52.74,2025-10-21 22:32:01+00:00
2025-10-21T22:33:01+00:00,-50.28,-63.90,-62.24,-55.70,-59.21,-47.05,-49.21,-63.05,-51.89,-41.29,-52.70,-52.25,-62.46,-62.93,-54.38,-44.60,-54.34,2025-10-21 22:33:01+00:00
2025-10-21T22:35:01+00:00,-50.29,-64.06,-65.07,-55.74,-62.79,-46.71,-49.68,-62.96,-52.21,-41.63,-53.60,-52.32,-65.33,-63.33,-54.38,-44.74,-52.86,2025-10-21 22:35:01+00:00
2025-10-21T22:36:02+00:00,-51.28,-64.23,-65.19,-59.45,-62.03,-52.31,-49.49,-63.92,-52.37,-41.54,-53.58,-52.42,-65.36,-62.55,-50.66,-44.63,-52.67,2025-10-21 22:36:02+00:00
2025-10-21T22:38:01+00:00,-51.74,-64.08,-65.53,-59.56,-62.74,-52.17,-49.34,-63.62,-51.98,-41.23,-53.39,-52.54,-65.32,-63.67,-49.80,-44.82,-54.24,2025-10-21 22:38:01+00:00
2025-10-21T22:39:02+00:00,-49.99,-63.98,-65.40,-60.07,-61.62,-52.16,-49.37,-63.58,-52.30,-40.84,-53.57,-52.44,-65.72,-63.69,-51.14,-44.10,-54.24,2025-10-21 22:39:02+00:00
2025-10-21T22:41:01+00:00,-49.29,-64.15,-64.98,-60.52,-62.52,-52.13,-49.45,-63.90,-52.34,-40.56,-53.35,-52.68,-65.53,-63.66,-51.89,-45.11,-52.61,2025-10-21 22:41:01+00:00
2025-10-21T22:42:01+00:00,-50.47,-63.57,-64.62,-60.05,-61.78,-52.01,-49.43,-63.09,-52.24,-40.56,-53.38,-52.70,-64.60,-63.30,-52.12,-44.21,-52.67,2025-10-21 22:42:01+00:00
2025-10-21T22:44:01+00:00,-50.47,-63.06,-64.81,-55.82,-62.08,-46.21,-49.60,-63.24,-52.34,-40.61,-53.40,-52.54,-64.85,-63.73,-55.86,-44.80,-52.98,2025-10-21 22:44:01+00:00
2025-10-21T22:45:01+00:00,-50.08,-63.86,-65.19,-56.56,-61.49,-46.33,-49.72,-63.31,-52.34,-40.62,-53.67,-52.41,-65.81,-64.05,-56.08,-44.55,-54.44,2025-10-21 22:45:01+00:00
2025-10-21T22:47:01+00:00,-48.02,-63.92,-65.48,-55.48,-62.16,-46.64,-49.54,-63.50,-52.08,-40.20,-53.34,-52.68,-65.70,-64.07,-55.84,-44.18,-52.81,2025-10-21 22:47:01+00:00
2025-10-21T22:48:01+00:00,-48.05,-63.55,-64.79,-55.10,-62.72,-46.37,-49.39,-62.50,-51.84,-40.01,-52.70,-52.48,-65.33,-63.74,-56.37,-44.91,-52.75,2025-10-21 22:48:01+00:00
2025-10-21T22:50:01+00:00,-47.90,-63.96,-64.62,-56.26,-61.69,-46.30,-49.13,-63.05,-51.85,-40.28,-52.39,-52.79,-65.30,-63.22,-55.59,-44.57,-55.05,2025-10-21 22:50:01+00:00
2025-10-21T22:51:01+00:00,-47.78,-63.80,-64.93,-56.52,-62.72,-46.09,-49.44,-63.07,-51.95,-40.16,-52.22,-52.96,-65.78,-63.35,-55.63,-43.97,-52.82,2025-10-21 22:51:01+00:00
2025-10-21T22:53:01+00:00,-47.66,-61.88,-64.45,-60.43,-61.51,-50.69,-48.41,-63.38,-51.13,-40.18,-51.86,-52.67,-64.97,-63.13,-52.55,-44.58,-52.73,2025-10-21 22:53:01+00:00
2025-10-21T22:54:02+00:00,-47.75,-63.36,-64.58,-60.52,-62.35,-50.77,-48.62,-63.90,-51.19,-40.32,-51.89,-52.95,-65.51,-63.62,-52.97,-44.57,-54.98,2025-10-21 22:54:02+00:00
2025-10-21T22:56:01+00:00,-47.94,-63.71,-64.91,-60.03,-62.31,-50.60,-48.94,-63.63,-51.24,-40.62,-51.67,-53.11,-65.45,-62.88,-52.97,-45.35,-54.07,2025-10-21 22:56:01+00:00
2025-10-21T22:57:01+00:00,-47.99,-63.91,-64.72,-60.53,-62.77,-50.50,-48.94,-63.87,-52.26,-40.38,-51.85,-53.35,-65.82,-63.09,-52.91,-45.39,-54.11,2025-10-21 22:57:01+00:00
2025-10-21T22:59:01+00:00,-47.85,-61.69,-64.20,-55.79,-61.81,-46.16,-48.27,-62.43,-55.42,-39.85,-51.47,-52.95,-64.83,-63.13,-56.05,-44.81,-52.61,2025-10-21 22:59:01+00:00
2025-10-21T23:00:01+00:00,-47.79,-62.90,-64.63,-54.92,-62.73,-46.25,-48.57,-62.76,-55.51,-39.66,-51.86,-52.76,-65.01,-63.40,-56.52,-44.15,-54.26,2025-10-21 23:00:01+00:00
2025-10-21T23:02:01+00:00,-48.09,-63.66,-64.70,-56.57,-62.41,-46.46,-48.58,-62.38,-55.84,-39.17,-51.92,-53.00,-64.85,-63.48,-55.76,-43.56,-54.17,2025-10-21 23:02:01+00:00
2025-10-21T23:03:02+00:00,-47.69,-62.99,-64.92,-55.80,-62.22,-46.57,-48.62,-63.16,-55.60,-39.08,-52.53,-53.23,-65.07,-63.35,-55.84,-42.49,-52.68,2025-10-21 23:03:02+00:00
2025-10-21T23:05:01+00:00,-48.14,-63.92,-64.76,-55.51,-61.87,-46.52,-48.00,-62.91,-56.48,-38.95,-52.87,-53.30,-64.83,-63.10,-55.72,-41.39,-52.72,2025-10-21 23:05:01+00:00
2025-10-21T23:06:01+00:00,-48.03,-62.23,-65.09,-55.84,-62.76,-46.54,-47.70,-63.07,-56.44,-38.82,-52.66,-53.31,-65.27,-63.80,-56.14,-41.66,-52.75,2025-10-21 23:06:01+00:00
2025-10-21T23:08:01+00:00,-47.84,-63.42,-64.83,-55.80,-61.46,-46.90,-47.87,-63.07,-56.92,-39.50,-53.00,-53.27,-65.35,-63.13,-54.66,-40.99,-52.78,2025-10-21 23:08:01+00:00
2025-10-21T23:09:02+00:00,-47.88,-63.75,-64.16,-53.85,-60.05,-47.22,-48.18,-63.41,-55.40,-39.51,-52.80,-53.39,-65.10,-63.72,-55.55,-40.92,-54.29,2025-10-21 23:09:02+00:00
2025-10-21T23:11:01+00:00,-48.70,-62.94,-64.54,-58.15,-62.51,-52.56,-48.11,-62.96,-55.54,-39.05,-52.30,-53.21,-64.82,-63.58,-52.48,-40.87,-52.82,2025-10-21 23:11:01+00:00
2025-10-21T23:12:01+00:00,-49.01,-63.99,-65.11,-57.84,-57.42,-52.65,-47.78,-63.63,-55.70,-39.15,-52.11,-53.48,-64.67,-63.81,-52.75,-41.16,-54.25,2025-10-21 23:12:01+00:00
2025-10-21T23:14:02+00:00,-49.55,-62.89,-63.78,-58.11,-62.12,-52.21,-47.47,-62.68,-55.50,-38.89,-52.04,-54.26,-64.25,-63.14,-53.61,-42.23,-52.61,2025-10-21 23:14:02+00:00
2025-10-21T23:15:01+00:00,-49.49,-64.14,-65.48,-60.24,-63.89,-52.36,-47.61,-63.43,-55.90,-39.18,-52.11,-54.73,-65.17,-63.99,-53.76,-41.86,-54.14,2025-10-21 23:15:01+00:00
2025-10-21T23:17:01+00:00,-51.13,-63.24,-64.53,-55.89,-61.87,-47.01,-47.69,-62.69,-56.37,-39.27,-51.82,-54.59,-64.84,-63.37,-55.74,-40.85,-54.39,2025-10-21 23:17:01+00:00
2025-10-21T23:18:01+00:00,-51.87,-62.56,-64.80,-55.81,-63.17,-47.04,-47.76,-62.61,-56.50,-39.28,-51.30,-54.71,-65.03,-63.46,-56.32,-40.42,-54.44,2025-10-21 23:18:01+00:00
2025-10-21T23:20:01+00:00,-51.70,-61.31,-63.22,-55.02,-62.08,-50.03,-47.94,-62.36,-56.23,-39.06,-51.17,-54.91,-64.37,-62.72,-56.04,-41.21,-55.14,2025-10-21 23:20:01+00:00
2025-10-21T23:21:01+00:00,-51.89,-64.23,-64.76,-55.27,-62.94,-47.00,-48.04,-63.72,-56.64,-38.68,-51.17,-55.25,-65.74,-63.38,-56.16,-41.94,-55.12,2025-10-21 23:21:01+00:00
2025-10-21T23:23:01+00:00,-52.12,-62.80,-63.86,-55.41,-62.10,-47.03,-47.36,-62.83,-59.21,-38.29,-50.73,-55.09,-64.71,-62.69,-56.03,-43.05,-52.74,2025-10-21 23:23:01+00:00
2025-10-21T23:24:02+00:00,-52.40,-62.82,-64.43,-54.22,-61.86,-46.93,-47.23,-63.43,-59.23,-38.39,-51.02,-55.59,-65.21,-62.98,-56.25,-42.67,-54.42,2025-10-21 23:24:02+00:00
2025-10-21T23:26:01+00:00,-51.88,-62.98,-63.46,-53.10,-61.65,-52.77,-46.67,-63.42,-59.83,-37.74,-51.19,-56.20,-64.74,-62.52,-52.15,-43.15,-54.88,2025-10-21 23:26:01+00:00
2025-10-21T23:27:01+00:00,-52.03,-63.98,-63.64,-53.10,-62.22,-52.50,-46.36,-63.38,-55.53,-38.08,-51.05,-56.13,-65.19,-62.57,-53.37,-42.66,-54.97,2025-10-21 23:27:01+00:00
2025-10-21T23:29:02+00:00,-52.21,-62.63,-63.44,-58.71,-62.45,-52.14,-46.34,-62.72,-51.95,-37.14,-51.10,-55.81,-64.25,-62.76,-53.16,-42.08,-54.83,2025-10-21 23:29:02+00:00
2025-10-21T23:30:01+00:00,-52.19,-63.70,-64.67,-60.34,-63.34,-52.25,-46.47,-63.63,-52.33,-37.15,-51.25,-55.70,-65.18,-63.50,-52.66,-41.22,-52.69,2025-10-21 23:30:01+00:00
2025-10-21T23:32:01+00:00,-52.00,-63.03,-63.54,-58.77,-61.67,-51.88,-46.73,-63.36,-52.09,-37.37,-51.03,-55.01,-50.10,-63.29,-52.48,-40.03,-52.59,2025-10-21 23:32:01+00:00
2025-10-21T23:33:01+00:00,-52.12,-63.85,-64.54,-54.97,-63.05,-46.70,-46.78,-63.21,-51.98,-37.33,-51.23,-55.19,-49.46,-63.86,-56.08,-39.30,-55.03,2025-10-21 23:33:01+00:00
2025-10-21T23:35:01+00:00,-52.08,-63.04,-63.57,-55.41,-61.18,-46.11,-46.89,-62.78,-52.00,-37.37,-52.01,-55.09,-49.62,-63.07,-55.93,-39.19,-52.72,2025-10-21 23:35:01+00:00
2025-10-21T23:36:01+00:00,-51.98,-63.68,-64.88,-55.22,-63.05,-46.01,-46.85,-62.70,-52.07,-37.77,-52.10,-55.52,-49.18,-63.69,-56.07,-38.79,-52.72,2025-10-21 23:36:01+00:00
2025-10-21T23:38:01+00:00,-52.09,-62.93,-64.30,-55.10,-61.31,-46.33,-46.92,-62.70,-51.97,-38.20,-52.40,-55.64,-49.29,-62.87,-56.42,-39.61,-52.77,2025-10-21 23:38:01+00:00
2025-10-21T23:39:02+00:00,-52.31,-64.25,-65.43,-54.73,-63.74,-46.12,-47.17,-63.11,-52.15,-37.99,-52.40,-55.56,-49.11,-63.64,-56.03,-39.69,-55.18,2025-10-21 23:39:02+00:00
2025-10-21T23:41:01+00:00,-52.27,-63.49,-64.68,-54.68,-61.64,-46.03,-46.86,-62.42,-52.18,-38.24,-52.52,-55.60,-49.45,-63.30,-55.29,-39.50,-52.74,2025-10-21 23:41:01+00:00
2025-10-21T23:42:01+00:00,-52.35,-63.00,-63.94,-55.20,-63.96,-46.21,-46.90,-62.31,-52.24,-38.19,-52.55,-55.78,-49.15,-62.69,-55.45,-40.14,-52.77,2025-10-21 23:42:01+00:00
2025-10-21T23:44:01+00:00,-52.18,-62.91,-64.50,-57.90,-62.27,-49.71,-46.66,-62.85,-52.26,-38.40,-52.44,-56.01,-49.14,-62.84,-53.47,-39.81,-52.72,2025-10-21 23:44:01+00:00
2025-10-21T23:45:01+00:00,-51.60,-63.91,-64.98,-58.79,-63.89,-49.72,-46.92,-63.03,-52.26,-38.20,-52.64,-56.32,-49.10,-63.72,-53.48,-39.44,-54.90,2025-10-21 23:45:01+00:00
2025-10-21T23:47:01+00:00,-49.39,-63.26,-64.83,-59.87,-62.49,-49.65,-46.98,-63.38,-52.09,-38.74,-52.21,-56.35,-49.13,-63.54,-52.43,-37.62,-54.96,2025-10-21 23:47:01+00:00
2025-10-21T23:48:01+00:00,-49.51,-63.93,-64.06,-58.18,-63.17,-49.59,-47.04,-63.45,-51.86,-38.75,-51.94,-55.73,-49.28,-63.33,-53.23,-37.03,-52.78,2025-10-21 23:48:01+00:00
2025-10-21T23:50:01+00:00,-49.55,-63.29,-64.04,-54.96,-60.71,-46.34,-47.26,-62.23,-51.68,-38.86,-51.05,-55.09,-63.90,-62.77,-55.66,-36.85,-54.34,2025-10-21 23:50:01+00:00
2025-10-21T23:51:01+00:00,-49.38,-63.90,-64.36,-54.23,-62.56,-46.36,-47.33,-62.82,-51.70,-38.35,-51.19,-55.35,-63.91,-63.52,-55.89,-36.39,-54.24,2025-10-21 23:51:01+00:00
2025-10-21T23:53:01+00:00,-49.23,-63.87,-64.24,-55.40,-61.82,-45.98,-47.36,-62.40,-51.01,-37.50,-51.07,-54.78,-63.61,-62.77,-56.13,-35.93,-55.07,2025-10-21 23:53:01+00:00
2025-10-21T23:54:02+00:00,-48.01,-63.23,-65.43,-55.38,-63.45,-46.20,-47.54,-62.08,-51.13,-37.34,-51.03,-54.41,-64.03,-62.94,-54.21,-35.56,-52.62,2025-10-21 23:54:02+00:00
2025-10-21T23:56:01+00:00,-48.00,-63.35,-63.93,-52.81,-61.18,-45.89,-47.43,-62.46,-51.10,-37.59,-51.40,-54.54,-64.79,-62.36,-55.88,-35.52,-54.18,2025-10-21 23:56:01+00:00
2025-10-21T23:57:02+00:00,-48.03,-64.19,-64.22,-55.17,-62.42,-45.93,-47.47,-62.62,-52.27,-37.53,-51.19,-54.68,-64.73,-63.03,-56.06,-35.36,-52.61,2025-10-21 23:57:02+00:00
2025-10-21T23:59:01+00:00,-48.35,-63.90,-64.37,-54.84,-60.83,-47.08,-47.37,-62.75,-55.47,-37.12,-51.72,-54.63,-64.40,-63.11,-55.56,-34.87,-54.29,2025-10-21 23:59:01+00:00
